Method                 Threshold    energy_1    energy_2    energy_3    energy_4    energy_5    energy_6    energy_7
R_5_matrix_mul                99       16.50       16.48       15.93       11.80        4.50        1.55        1.20
R_5_matrix_mul                 9       16.50       16.30       14.65        6.05        1.70        1.00        1.00
R_5_matrix_mul                 1       16.48       16.38       15.03        8.40        2.80        1.18        1.00
R_5_matrix_mul               0.4       16.45       16.27       14.47        6.75        2.25        1.40        1.48
R_3_Hadamard_test             99       17.25       15.22       16.88       10.05        5.65        2.15        1.20
R_3_Hadamard_test              9       17.18       14.57       15.57        5.95        2.15        1.00        1.00
R_3_Hadamard_test              1       16.93       18.57       17.90       10.15        3.10        1.20        1.00
R_3_Hadamard_test            0.4       18.52       15.88       12.07        9.20        3.80        1.60        1.45
R_4_SWAP_test                 99       15.40       15.15       13.45       17.43       16.82       17.35       13.03
R_4_SWAP_test                  9       15.93       14.97       15.10       18.85       13.53       11.45        6.95
R_4_SWAP_test                  1       17.55       14.82       17.05       16.77       17.75       10.75        6.08
R_4_SWAP_test                0.4       16.15       17.90       18.10       14.65       10.72       10.70        6.97
