 0.000000000000
 0.000000000000
 0.000000000000
 0.000000000000
 0.000000000000
 0.000000000000
 0.000000000000
 0.000000000000
 0.000000000000
 0.000000000000
 0.000000000000
 0.000000000000
 0.000000000000
 0.000000000000
 0.000000000000
 0.000000000000
 0.000000000000
 0.000000000000
 0.000000000000
 0.000000000000
 0.000000000000
 0.000000000000
 0.000000000000
 0.000000000000
 0.000000000000
 0.000000000000
 0.000000000000
 0.000000000000
 0.000000000000
 0.000000000000
 0.000000000000
 0.000000000000
 0.000116333333
 0.000003666667
 0.000000000000
 0.000000000000
 0.000000000000
 0.000000000000
 0.000000000000
 0.000000000000
 0.001433000000
 0.000047000000
 0.000000000000
 0.000000000000
 0.000000000000
 0.000000000000
 0.000000000000
 0.000000000000
 0.000000000000
 0.000000000000
 0.000000000000
 0.000000000000
 0.000000000000
 0.000000000000
 0.000000000000
 0.000000000000
 0.000000000000
 0.000000000000
 0.000000000000
 0.000000000000
 0.000000000000
 0.000000000000
 0.000000000000
 0.000000000000
 0.000000000000
 0.000000000000
 0.000000000000
 0.000000000000
 0.000000000000
 0.000000000000
 0.000000000000
 0.000000000000
 0.000000000000
 0.000000000000
 0.000000000000
 0.000000000000
 0.000000000000
 0.000000000000
 0.000000000000
 0.000000000000
 0.000000000000
 0.000000000000
 0.000000000000
 0.000000000000
 0.000000000000
 0.000000000000
 0.000000000000
 0.000000000000
 0.000000000000
 0.000000000000
 0.000000000000
 0.000000000000
 0.000000000000
 0.000000000000
 0.000000000000
 0.000000000000
 0.000005000000
 0.000000000000
 0.000000000000
 0.000000000000
 0.000000000000
 0.000000000000
 0.000000000000
 0.000000000000
 0.000059666667
 0.000002000000
 0.000000000000
 0.000000000000
 0.000000000000
 0.000000000000
 0.000000000000
 0.000000000000
 0.000000000000
 0.000000000000
 0.000000000000
 0.000000000000
 0.000000000000
 0.000000000000
 0.000000000000
 0.000000000000
 0.000000000000
 0.000000000000
 0.000000000000
 0.000000000000
 0.000000000000
 0.000000000000
 0.000000000000
 0.000000000000
 0.000000000000
 0.000000000000
 0.000000000000
 0.000000000000
 0.000000000000
 0.000000000000
 0.000000000000
 0.000000000000
 0.000000000000
 0.000000000000
 0.000000000000
 0.000000000000
 0.000000000000
 0.000000000000
 0.000000000000
 0.000000000000
 0.000000000000
 0.000000000000
 0.000000000000
 0.002219000000
 0.000336333333
 0.000000000000
 0.000000000000
 0.000000000000
 0.000000000000
 0.000000000000
 0.000000000000
 0.028744000000
 0.004358333333
 0.000000000000
 0.000000000000
 0.000000000000
 0.000192666667
 0.001200000000
 0.000000000000
 0.000000000000
 0.000000000000
 0.000000000000
 0.000000000000
 0.000000000000
 0.000009666667
 0.000061000000
 0.000000000000
 0.000000000000
 0.000000000000
 0.000000000000
 0.000000000000
 0.000000000000
 0.000000000000
 0.000000000000
 0.000000000000
 0.000000000000
 0.000000000000
 0.000000000000
 0.000000000000
 0.000000000000
 0.000000000000
 0.000000000000
 0.000000000000
 0.000000000000
 0.000000000000
 0.000000000000
 0.000000000000
 0.000000000000
 0.000000000000
 0.000000000000
 0.000000000000
 0.000000000000
 0.000000000000
 0.000000000000
 0.000000000000
 0.000000000000
 0.000000000000
 0.000000000000
 0.000000000000
 0.000000000000
 0.000000000000
 0.000000000000
 0.000000000000
 0.000000000000
 0.000000000000
 0.000000000000
 0.000000000000
 0.000125000000
 0.000019000000
 0.000000000000
 0.000000000000
 0.000000000000
 0.000000000000
 0.000000000000
 0.000000000000
 0.001619333333
 0.000245666667
 0.000000000000
 0.000000000000
 0.000000000000
 0.000070666667
 0.000440000000
 0.000000000000
 0.000000000000
 0.000000000000
 0.000000000000
 0.000000000000
 0.000000000000
 0.000003666667
 0.000022333333
 0.000000000000
 0.000000000000
 0.000000000000
 0.000000000000
 0.000000000000
 0.000000000000
 0.000000000000
 0.000000000000
 0.000000000000
 0.000000000000
 0.000000000000
 0.000000000000
 0.000000000000
 0.000000000000
 0.000000000000
 0.000000000000
 0.000000000000
 0.000000000000
 0.000000000000
 0.000000000000
 0.000000000000
 0.000000000000
 0.000000000000
 0.000000000000
 0.000000000000
 0.000000000000
 0.000000000000
 0.000000000000
 0.000000000000
 0.000000000000
 0.000000000000
 0.000000000000
 0.000000000000
 0.000000000000
 0.000067000000
-0.006173333333
-0.133333333333
 0.000000000000
 0.000000000000
 0.000000000000
 0.000000000000
 0.000000000000
 0.040225333333
 0.003155666667
-0.015321000000
 0.000000000000
 0.000000000000
 0.000000000000
 0.000000000000
 0.000000000000
 0.000000000000
 0.000000000000
 0.000000000000
 0.000000000000
 0.000000000000
 0.000000000000
 0.000000000000
 0.000000000000
 0.000000000000
 0.000000000000
 0.000000000000
 0.000000000000
 0.000000000000
 0.000000000000
 0.000000000000
 0.000000000000
 0.000000000000
 0.000000000000
 0.000000000000
 0.000000000000
 0.000000000000
 0.000000000000
 0.000000000000
 0.000000000000
 0.000000000000
 0.000000000000
 0.000000000000
 0.000000000000
 0.000000000000
 0.000000000000
 0.000000000000
 0.000000000000
 0.000000000000
 0.000000000000
 0.000000000000
 0.000000000000
 0.000000000000
 0.000000000000
 0.000000000000
 0.000000000000
 0.000000000000
 0.000000000000
 0.000000000000
 0.000000000000
 0.000000000000
 0.000000000000
 0.000000000000
 0.000000000000
 0.000020333333
-0.000145666667
-0.004514333333
 0.000000000000
 0.000000000000
 0.000000000000
-0.000572333333
-0.005907666667
 0.012242666667
 0.001101000000
-0.000366000000
 0.000000000000
 0.000000000000
 0.000000000000
-0.000190666667
-0.001969333333
 0.000000000000
 0.000000000000
 0.000000000000
 0.000000000000
 0.000000000000
 0.000000000000
 0.000000000000
 0.000000000000
 0.000000000000
 0.000000000000
 0.000000000000
 0.000000000000
 0.000000000000
 0.000000000000
 0.000000000000
 0.000000000000
 0.000000000000
 0.000000000000
 0.000000000000
 0.000000000000
 0.000000000000
 0.000000000000
 0.000000000000
 0.000000000000
 0.000000000000
 0.000000000000
 0.000000000000
 0.000000000000
 0.000000000000
 0.000000000000
 0.000000000000
 0.000000000000
 0.000000000000
 0.000000000000
 0.000000000000
 0.000000000000
 0.000000000000
 0.000000000000
 0.000000000000
 0.000000000000
 0.000000000000
 0.000000000000
 0.000000000000
 0.000000000000
 0.000000000000
 0.000000000000
 0.000000000000
 0.000000000000
 0.000000000000
 0.000000000000
 0.000000000000
 0.000000000000
 0.000000000000
 0.000000000000
-0.013737666667
-0.133333333333
 0.000000000000
 0.000000000000
 0.000000000000
 0.000000000000
 0.000000000000
 0.000000000000
-0.004579333333
-0.047260666667
 0.000000000000
 0.000000000000
 0.000000000000
 0.000000000000
 0.000000000000
 0.000000000000
 0.000000000000
 0.000000000000
 0.000000000000
 0.000000000000
 0.000000000000
 0.000000000000
 0.000000000000
 0.000000000000
 0.000000000000
 0.000000000000
 0.000000000000
 0.000000000000
 0.000000000000
 0.000000000000
 0.000000000000
 0.000000000000
 0.000000000000
 0.000000000000
 0.000000000000
 0.000000000000
 0.000000000000
 0.000000000000
 0.000000000000
 0.000000000000
 0.000000000000
 0.000000000000
 0.000000000000
 0.000000000000
 0.000000000000
 0.000000000000
 0.000000000000
 0.000000000000
 0.000000000000
 0.000000000000
 0.000000000000
 0.000000000000
 0.000000000000
 0.000000000000
 0.000000000000
 0.000000000000
 0.000000000000
 0.000000000000
 0.000000000000
 0.000000000000
 0.000000000000
 0.000000000000
 0.000000000000
 0.000000000000
 0.000000000000
 0.000000000000
 0.000000000000
 0.000000000000
 0.000000000000
 0.000000000000
 0.000000000000
 0.000000000000
 0.000000000000
 0.000000000000
 0.000000000000
 0.000000000000
 0.000000000000
 0.000000000000
 0.000000000000
 0.000000000000
 0.000000000000
 0.000000000000
 0.000000000000
 0.000000000000
 0.000000000000
 0.000000000000
 0.000000000000
 0.000000000000
 0.000000000000
 0.000000000000
 0.000000000000
 0.000000000000
 0.000000000000
 0.000000000000
 0.000000000000
 0.000000000000
 0.000000000000
 0.000000000000
 0.000000000000
 0.000000000000
 0.000000000000
 0.000000000000
 0.000000000000
 0.000000000000
 0.000000000000
 0.000000000000
 0.000000000000
 0.000000000000
 0.000000000000
 0.000000000000
 0.000000000000
 0.000000000000
 0.000000000000
 0.000000000000
 0.000000000000
 0.000000000000
 0.000000000000
 0.000000000000
 0.000000000000
 0.000000000000
 0.000000000000
 0.000000000000
 0.000000000000
 0.000000000000
 0.000000000000
 0.000000000000
 0.000000000000
 0.000000000000
 0.000000000000
 0.000000000000
 0.000000000000
 0.000000000000
 0.000000000000
 0.000000000000
 0.000000000000
 0.000000000000
 0.000000000000
 0.000000000000
 0.000000000000
 0.000000000000
 0.000000000000
 0.000000000000
 0.023240000000
 0.000760000000
 0.000000000000
 0.000000000000
 0.000000000000
 0.000000000000
 0.000000000000
 0.000000000000
 0.133333333333
 0.009373333333
 0.000000000000
 0.000000000000
 0.000000000000
 0.000000000000
 0.000000000000
 0.000000000000
 0.000000000000
 0.000000000000
 0.000000000000
 0.000000000000
 0.000000000000
 0.000000000000
 0.000000000000
 0.000000000000
 0.000000000000
 0.000000000000
 0.000000000000
 0.000000000000
 0.000000000000
 0.000000000000
 0.000000000000
 0.000000000000
 0.000000000000
 0.000000000000
 0.000000000000
 0.000000000000
 0.000000000000
 0.000000000000
 0.000000000000
 0.000000000000
 0.000000000000
 0.000000000000
 0.000000000000
 0.000000000000
 0.000000000000
 0.000000000000
 0.000000000000
 0.000000000000
 0.000000000000
 0.000000000000
 0.000000000000
 0.000000000000
 0.000000000000
 0.000000000000
 0.000000000000
 0.000000000000
 0.000000000000
 0.000000000000
 0.000000000000
 0.000000000000
 0.000000000000
 0.000000000000
 0.000000000000
 0.000000000000
 0.000968333333
 0.000031666667
 0.000000000000
 0.000000000000
 0.000000000000
 0.000000000000
 0.000000000000
 0.000000000000
 0.011942666667
 0.000390666667
 0.000000000000
 0.000000000000
 0.000000000000
 0.000000000000
 0.000000000000
 0.000000000000
 0.000000000000
 0.000000000000
 0.000000000000
 0.000000000000
 0.000000000000
 0.000000000000
 0.000000000000
 0.000000000000
 0.000000000000
 0.000000000000
 0.000000000000
 0.000000000000
 0.000000000000
 0.000000000000
 0.000000000000
 0.000000000000
 0.000000000000
 0.000000000000
 0.000000000000
 0.000000000000
 0.000000000000
 0.000000000000
 0.000000000000
 0.000000000000
 0.000000000000
 0.000000000000
 0.000000000000
 0.000000000000
 0.000000000000
 0.000000000000
 0.000000000000
 0.000000000000
 0.000000000000
 0.000000000000
 0.000000000000
 0.019637333333
 0.002977666667
 0.000000000000
 0.000000000000
 0.000000000000
 0.000000000000
 0.000000000000
 0.000000000000
 0.133333333333
 0.038570666667
 0.000000000000
 0.000000000000
 0.000000000000
 0.032107333333
 0.133333333333
 0.000000000000
 0.000000000000
 0.000000000000
 0.000000000000
 0.000000000000
 0.000000000000
 0.001630666667
 0.010157333333
 0.000000000000
 0.000000000000
 0.000000000000
 0.000000000000
 0.000000000000
 0.000000000000
 0.000000000000
 0.000000000000
 0.000000000000
 0.000000000000
 0.000000000000
 0.000000000000
 0.000000000000
 0.000000000000
 0.000000000000
 0.000000000000
 0.000000000000
 0.000000000000
 0.000000000000
 0.000000000000
 0.000000000000
 0.000000000000
 0.000000000000
 0.000000000000
 0.000000000000
 0.000000000000
 0.000000000000
 0.000000000000
 0.000000000000
 0.000000000000
 0.000000000000
 0.000000000000
 0.000000000000
 0.000000000000
 0.000000000000
 0.000000000000
 0.000000000000
 0.000000000000
 0.000000000000
 0.000000000000
 0.000000000000
 0.001106333333
 0.000167666667
 0.000000000000
 0.000000000000
 0.000000000000
 0.000000000000
 0.000000000000
 0.000000000000
 0.014330666667
 0.002173000000
 0.000000000000
 0.000000000000
 0.000000000000
 0.011775000000
 0.073346333333
 0.000000000000
 0.000000000000
 0.000000000000
 0.000000000000
 0.000000000000
 0.000000000000
 0.000598000000
 0.003725000000
 0.000000000000
 0.000000000000
 0.000000000000
 0.000000000000
 0.000000000000
 0.000000000000
 0.000000000000
 0.000000000000
 0.000000000000
 0.000000000000
 0.000000000000
 0.000000000000
 0.000000000000
 0.000000000000
 0.000000000000
 0.000000000000
 0.000000000000
 0.000000000000
 0.000000000000
 0.000000000000
 0.000000000000
 0.000000000000
 0.000000000000
 0.000000000000
 0.000000000000
 0.000000000000
 0.000000000000
 0.000000000000
 0.000000000000
 0.000000000000
 0.000000000000
 0.000000000000
 0.000000000000
 0.000000000000
 0.000390333333
 0.000035333333
 0.000000000000
 0.000000000000
 0.000000000000
 0.000000000000
 0.000000000000
 0.000000000000
 0.133333333333
 0.021260666667
 0.000000000000
 0.000000000000
 0.000000000000
 0.000000000000
 0.000000000000
 0.000000000000
 0.000000000000
 0.000000000000
 0.000000000000
 0.000000000000
 0.000000000000
 0.000000000000
 0.000000000000
 0.000000000000
 0.000000000000
 0.000000000000
 0.000000000000
 0.000000000000
 0.000000000000
 0.000000000000
 0.000000000000
 0.000000000000
 0.000000000000
 0.000000000000
 0.000000000000
 0.000000000000
 0.000000000000
 0.000000000000
 0.000000000000
 0.000000000000
 0.000000000000
 0.000000000000
 0.000000000000
 0.000000000000
 0.000000000000
 0.000000000000
 0.000000000000
 0.000000000000
 0.000000000000
 0.000000000000
 0.000000000000
 0.000000000000
 0.000000000000
 0.000000000000
 0.000000000000
 0.000000000000
 0.000000000000
 0.000000000000
 0.000000000000
 0.000000000000
 0.000000000000
 0.000000000000
 0.000000000000
 0.000000000000
 0.000118666667
 0.000010666667
 0.000000000000
 0.000000000000
 0.000000000000
 0.000000000000
 0.000000000000
 0.000000000000
 0.071177333333
 0.006470666667
 0.000000000000
 0.000000000000
 0.000000000000
 0.000000000000
 0.000000000000
 0.000000000000
 0.000000000000
 0.000000000000
 0.000000000000
 0.000000000000
 0.000000000000
 0.000000000000
 0.000000000000
 0.000000000000
 0.000000000000
 0.000000000000
 0.000000000000
 0.000000000000
 0.000000000000
 0.000000000000
 0.000000000000
 0.000000000000
 0.000000000000
 0.000000000000
 0.000000000000
 0.000000000000
 0.000000000000
 0.000000000000
 0.000000000000
 0.000000000000
 0.000000000000
 0.000000000000
 0.000000000000
 0.000000000000
 0.000000000000
 0.000000000000
 0.000000000000
 0.000000000000
 0.000000000000
 0.000000000000
 0.000000000000
 0.000000000000
 0.000000000000
 0.000000000000
 0.000000000000
 0.000000000000
 0.000000000000
 0.000000000000
 0.000000000000
 0.000000000000
 0.000000000000
 0.000000000000
 0.000000000000
 0.000000000000
 0.000000000000
 0.000000000000
 0.000000000000
 0.000000000000
 0.000000000000
 0.000000000000
 0.000000000000
 0.000000000000
 0.000000000000
 0.000000000000
 0.000000000000
 0.000000000000
 0.000000000000
 0.000000000000
 0.000000000000
 0.000000000000
 0.000000000000
 0.000000000000
 0.000000000000
 0.000000000000
 0.000000000000
 0.000000000000
 0.000000000000
 0.000000000000
 0.000000000000
 0.000000000000
 0.000000000000
 0.000000000000
 0.000000000000
 0.000000000000
 0.000000000000
 0.000000000000
 0.000000000000
 0.000000000000
 0.000000000000
 0.000000000000
 0.000000000000
 0.000000000000
 0.000000000000
 0.000000000000
 0.000000000000
 0.000000000000
 0.000000000000
 0.000000000000
 0.000000000000
 0.000000000000
 0.000000000000
 0.000000000000
 0.000000000000
 0.000000000000
 0.000000000000
 0.000000000000
 0.000000000000
 0.000000000000
 0.000000000000
 0.000000000000
 0.000000000000
 0.000000000000
 0.000000000000
 0.000000000000
 0.000000000000
 0.000000000000
 0.000000000000
 0.000000000000
 0.000000000000
 0.000000000000
 0.000000000000
 0.000000000000
 0.000000000000
 0.000000000000
 0.000000000000
 0.000000000000
 0.000000000000
 0.000000000000
 0.000000000000
 0.000000000000
 0.000000000000
 0.000000000000
 0.000000000000
 0.000000000000
 0.000000000000
 0.000000000000
 0.000000000000
 0.000000000000
 0.000000000000
 0.000000000000
 0.000000000000
 0.000000000000
 0.000000000000
 0.000000000000
 0.000000000000
 0.000000000000
 0.000000000000
 0.000000000000
 0.000000000000
 0.000000000000
 0.000000000000
 0.000000000000
 0.000000000000
 0.000000000000
 0.000000000000
 0.000000000000
 0.000000000000
 0.000000000000
 0.000000000000
 0.000000000000
 0.000000000000
 0.000000000000
 0.000000000000
 0.000000000000
 0.000000000000
 0.000000000000
 0.000000000000
 0.000000000000
 0.000000000000
 0.000000000000
 0.000000000000
 0.000000000000
 0.000000000000
 0.000000000000
 0.000000000000
 0.000000000000
 0.000000000000
 0.000000000000
 0.000000000000
 0.000000000000
 0.000000000000
 0.000000000000
 0.000000000000
 0.000000000000
 0.000000000000
 0.000000000000
 0.000000000000
 0.000000000000
 0.000000000000
 0.000000000000
 0.000000000000
 0.000000000000
 0.000000000000
 0.000000000000
 0.000000000000
 0.000000000000
 0.000000000000
 0.000000000000
 0.000000000000
 0.000000000000
 0.000000000000
 0.000000000000
 0.000000000000
 0.000000000000
 0.000000000000
 0.000000000000
 0.000000000000
 0.000000000000
 0.000000000000
 0.000000000000
 0.000000000000
 0.000000000000
 0.000000000000
 0.000000000000
 0.000000000000
 0.000000000000
 0.000000000000
 0.000000000000
 0.000000000000
 0.000000000000
 0.000000000000
 0.000000000000
 0.000000000000
 0.000000000000
 0.000000000000
 0.000000000000
 0.000000000000
 0.000000000000
 0.000000000000
 0.000000000000
 0.000000000000
 0.000000000000
 0.000000000000
 0.000000000000
 0.000000000000
 0.000000000000
 0.000000000000
 0.000000000000
 0.000000000000
 0.000000000000
 0.000000000000
 0.000000000000
 0.000000000000
 0.000000000000
 0.000000000000
 0.000000000000
 0.000000000000
 0.000000000000
 0.000000000000
 0.000000000000
 0.000000000000
 0.000000000000
 0.000000000000
 0.000000000000
 0.000000000000
 0.000000000000
 0.000000000000
 0.000000000000
 0.000000000000
 0.000000000000
 0.000000000000
 0.000000000000
 0.000000000000
 0.000000000000
 0.000000000000
 0.000000000000
 0.000000000000
 0.000000000000
 0.000000000000
 0.000000000000
 0.000000000000
 0.000000000000
 0.000000000000
 0.000000000000
 0.000000000000
 0.000000000000
 0.000000000000
 0.000000000000
 0.000000000000
 0.000000000000
 0.000000000000
 0.000000000000
 0.000000000000
 0.000000000000
 0.000000000000
 0.000000000000
 0.000000000000
 0.000000000000
 0.000000000000
 0.000000000000
 0.000000000000
 0.000000000000
 0.000000000000
 0.000000000000
 0.000000000000
 0.000000000000
 0.000000000000
 0.000000000000
 0.000000000000
 0.000000000000
 0.000000000000
 0.000000000000
 0.000000000000
 0.000000000000
 0.000000000000
 0.000000000000
 0.000000000000
 0.000000000000
 0.000000000000
 0.000000000000
 0.000000000000
 0.000000000000
 0.000000000000
 0.000000000000
 0.000000000000
 0.000000000000
 0.000000000000
 0.000000000000
 0.000000000000
 0.000000000000
 0.000000000000
 0.000000000000
 0.000000000000
 0.000000000000
 0.000000000000
 0.000000000000
 0.000000000000
 0.000000000000
 0.000000000000
 0.000000000000
 0.000000000000
 0.000000000000
 0.000000000000
 0.000000000000
 0.000000000000
 0.000000000000
 0.000000000000
 0.000000000000
 0.000000000000
 0.000000000000
 0.000000000000
 0.000000000000
 0.000000000000
 0.000000000000
 0.000000000000
 0.000000000000
 0.000000000000
 0.000000000000
 0.000000000000
 0.000000000000
 0.000000000000
 0.000000000000
 0.000000000000
 0.000000000000
 0.000000000000
 0.000000000000
 0.000000000000
 0.000000000000
 0.000000000000
 0.000000000000
 0.000000000000
 0.000000000000
 0.000000000000
 0.000000000000
 0.000000000000
 0.000000000000
 0.000000000000
 0.000000000000
 0.000000000000
 0.000000000000
 0.000000000000
 0.000000000000
 0.000000000000
 0.000000000000
 0.000000000000
 0.000000000000
 0.000000000000
 0.000000000000
 0.000000000000
 0.000000000000
 0.000000000000
 0.000000000000
 0.000000000000
 0.000000000000
 0.000000000000
 0.000000000000
 0.000000000000
 0.000000000000
 0.000000000000
 0.000000000000
 0.000000000000
 0.000000000000
 0.000000000000
 0.000000000000
 0.000000000000
 0.000000000000
 0.000000000000
 0.000000000000
 0.000000000000
 0.000000000000
 0.000000000000
 0.000000000000
 0.000000000000
 0.000000000000
 0.000000000000
 0.000000000000
 0.000000000000
 0.000000000000
 0.000000000000
 0.000000000000
 0.000000000000
 0.000000000000
 0.000000000000
 0.000000000000
 0.000000000000
 0.000000000000
 0.000000000000
 0.000000000000
 0.000000000000
 0.000000000000
 0.000000000000
 0.000000000000
 0.000000000000
 0.000000000000
 0.000000000000
 0.000000000000
 0.000000000000
 0.000000000000
 0.000000000000
 0.000000000000
 0.000000000000
 0.000000000000
 0.000000000000
 0.000000000000
 0.000000000000
 0.000000000000
 0.000000000000
 0.000000000000
 0.000000000000
 0.009536000000
 0.133333333333
 0.000000000000
 0.000000000000
 0.000000000000
 0.000000000000
 0.000000000000
 0.000000000000
 0.000773333333
 0.023643333333
 0.000000000000
 0.000000000000
 0.000000000000
 0.000000000000
 0.000000000000
 0.000000000000
 0.000000000000
 0.000000000000
 0.000000000000
 0.000000000000
 0.000000000000
 0.000000000000
 0.000000000000
 0.000000000000
 0.000000000000
 0.000000000000
 0.000000000000
 0.000000000000
 0.000000000000
 0.000000000000
 0.000000000000
 0.000000000000
 0.000000000000
 0.000000000000
 0.000000000000
 0.000000000000
 0.000000000000
 0.000000000000
 0.000000000000
 0.000000000000
 0.000000000000
 0.000000000000
 0.000000000000
 0.000000000000
 0.000000000000
 0.000000000000
 0.000000000000
 0.000000000000
 0.000000000000
 0.000000000000
 0.000000000000
 0.000000000000
 0.000000000000
 0.000000000000
 0.000000000000
 0.000000000000
 0.000000000000
 0.000000000000
 0.000000000000
 0.000000000000
 0.000000000000
 0.000000000000
 0.000000000000
 0.000000000000
 0.000227666667
 0.006966666667
 0.000000000000
 0.000000000000
 0.000000000000
 0.000883333333
 0.009116666667
 0.000000000000
 0.000018333333
 0.000565000000
 0.000000000000
 0.000000000000
 0.000000000000
 0.000294333333
 0.003039000000
 0.000000000000
 0.000000000000
 0.000000000000
 0.000000000000
 0.000000000000
 0.000000000000
 0.000000000000
 0.000000000000
 0.000000000000
 0.000000000000
 0.000000000000
 0.000000000000
 0.000000000000
 0.000000000000
 0.000000000000
 0.000000000000
 0.000000000000
 0.000000000000
 0.000000000000
 0.000000000000
 0.000000000000
 0.000000000000
 0.000000000000
 0.000000000000
 0.000000000000
 0.000000000000
 0.000000000000
 0.000000000000
 0.000000000000
 0.000000000000
 0.000000000000
 0.000000000000
 0.000000000000
 0.000000000000
 0.000000000000
 0.000000000000
 0.000000000000
 0.000000000000
 0.000000000000
 0.000000000000
 0.000000000000
 0.000000000000
 0.000000000000
 0.000000000000
 0.000000000000
 0.000000000000
 0.000000000000
 0.000000000000
 0.000000000000
 0.000000000000
 0.000000000000
 0.000000000000
 0.000000000000
 0.000000000000
 0.021200000000
 0.133333333333
 0.000000000000
 0.000000000000
 0.000000000000
 0.000000000000
 0.000000000000
 0.000000000000
 0.007066666667
 0.072933333333
 0.000000000000
 0.000000000000
 0.000000000000
 0.000000000000
 0.000000000000
 0.000000000000
 0.000000000000
 0.000000000000
 0.000000000000
 0.000000000000
 0.000000000000
 0.000000000000
 0.000000000000
 0.000000000000
 0.000000000000
 0.000000000000
 0.000000000000
 0.000000000000
 0.000000000000
 0.000000000000
 0.000000000000
 0.000000000000
 0.000000000000
 0.000000000000
 0.000000000000
 0.000000000000
 0.000000000000
 0.000000000000
 0.000000000000
 0.000000000000
 0.000000000000
 0.000000000000
 0.000000000000
 0.000000000000
 0.000000000000
 0.000000000000
 0.000000000000
 0.000000000000
 0.000000000000
 0.000000000000
 0.000000000000
 0.000000000000
 0.000000000000
 0.000000000000
 0.000000000000
 0.000000000000
 0.000000000000
 0.000000000000
 0.000000000000
 0.000000000000
 0.000000000000
 0.000000000000
 0.000000000000
 0.000000000000
 0.000000000000
 0.000000000000
 0.000000000000
 0.000000000000
 0.000000000000
 0.000000000000
 0.000000000000
 0.000000000000
 0.000000000000
 0.000000000000
 0.000000000000
 0.000000000000
 0.000000000000
 0.000000000000
 0.000000000000
 0.000000000000
 0.000000000000
 0.000000000000
 0.000000000000
 0.000000000000
 0.000000000000
 0.000000000000
 0.000000000000
 0.000000000000
 0.000000000000
 0.000000000000
 0.000000000000
 0.000000000000
 0.000000000000
 0.000000000000
 0.000000000000
 0.000000000000
 0.000000000000
 0.000000000000
 0.000000000000
 0.000000000000
 0.000000000000
 0.000000000000
 0.000000000000
 0.000000000000
 0.000000000000
 0.000000000000
 0.000000000000
 0.000000000000
 0.000000000000
 0.000000000000
 0.000000000000
 0.000000000000
 0.000000000000
 0.000000000000
 0.000000000000
 0.000000000000
 0.000000000000
 0.000000000000
 0.000000000000
 0.000000000000
 0.000000000000
 0.000000000000
 0.000000000000
 0.000000000000
 0.000000000000
 0.000000000000
 0.000000000000
 0.000000000000
 0.000000000000
 0.000000000000
 0.000000000000
 0.000000000000
 0.000000000000
 0.000000000000
 0.000000000000
 0.000000000000
 0.000000000000
 0.000000000000
 0.000000000000
 0.000000000000
 0.000000000000
 0.000000000000
 0.000000000000
 0.000000000000
 0.000000000000
 0.000000000000
 0.000000000000
 0.000000000000
 0.000000000000
 0.000000000000
 0.000000000000
 0.000000000000
 0.000000000000
 0.000000000000
 0.000000000000
 0.000000000000
 0.000000000000
 0.000000000000
 0.000000000000
 0.000000000000
 0.000000000000
 0.000000000000
 0.000000000000
 0.000000000000
 0.000000000000
 0.000000000000
 0.000000000000
 0.000000000000
 0.000000000000
 0.000000000000
 0.000000000000
 0.000000000000
 0.000000000000
 0.000000000000
 0.000000000000
 0.000000000000
 0.000000000000
 0.000000000000
 0.000000000000
 0.000000000000
 0.000000000000
 0.000000000000
 0.000000000000
 0.000000000000
 0.000000000000
 0.000000000000
 0.000000000000
 0.000000000000
 0.000000000000
 0.000000000000
 0.000000000000
 0.000000000000
 0.000000000000
 0.000000000000
 0.000000000000
 0.000000000000
 0.000000000000
 0.000000000000
 0.000000000000
 0.000000000000
 0.000000000000
 0.000000000000
 0.000000000000
 0.000000000000
 0.000000000000
 0.000000000000
 0.000000000000
 0.000000000000
 0.000000000000
 0.000000000000
 0.000000000000
 0.000000000000
 0.000000000000
 0.000000000000
 0.000000000000
 0.000000000000
 0.000000000000
 0.000000000000
 0.000000000000
 0.000000000000
 0.000000000000
 0.000000000000
 0.000000000000
 0.000000000000
 0.000000000000
 0.000000000000
 0.000000000000
 0.000000000000
 0.000000000000
 0.000000000000
 0.000000000000
 0.000000000000
 0.000000000000
 0.000000000000
 0.000000000000
 0.000000000000
 0.000000000000
 0.000000000000
 0.000000000000
 0.000000000000
 0.000000000000
 0.000000000000
 0.000000000000
 0.000000000000
 0.000000000000
 0.000000000000
 0.000000000000
 0.000000000000
 0.000000000000
 0.000000000000
 0.000000000000
 0.000000000000
 0.000000000000
 0.000000000000
 0.000000000000
 0.000000000000
 0.000000000000
 0.000000000000
 0.000000000000
 0.000000000000
 0.000000000000
 0.000000000000
 0.000000000000
 0.000000000000
 0.000000000000
 0.000000000000
 0.000000000000
 0.000000000000
 0.000000000000
 0.000000000000
 0.000000000000
 0.000000000000
 0.000000000000
 0.000000000000
 0.000000000000
 0.000000000000
 0.000000000000
 0.000000000000
 0.000000000000
 0.000000000000
 0.000000000000
 0.000000000000
 0.000000000000
 0.000000000000
 0.000000000000
 0.000000000000
 0.000000000000
 0.000000000000
 0.000000000000
 0.000000000000
 0.000000000000
 0.000000000000
 0.000000000000
 0.000000000000
 0.000000000000
 0.000000000000
 0.000000000000
 0.000000000000
 0.000000000000
 0.000000000000
 0.000000000000
 0.000000000000
 0.000000000000
 0.000000000000
 0.000000000000
 0.000000000000
 0.000000000000
 0.000000000000
 0.000000000000
 0.000000000000
 0.000000000000
 0.000000000000
 0.000000000000
 0.000000000000
 0.000000000000
 0.000000000000
 0.000000000000
 0.000000000000
 0.000000000000
 0.000000000000
 0.000000000000
 0.000000000000
 0.000000000000
 0.000000000000
 0.000000000000
 0.000000000000
 0.000000000000
 0.000000000000
 0.000000000000
 0.000000000000
 0.000000000000
 0.000000000000
 0.000000000000
 0.000000000000
 0.000000000000
 0.000000000000
 0.000000000000
 0.000000000000
 0.000000000000
 0.000000000000
 0.000000000000
 0.000000000000
 0.000000000000
 0.000000000000
 0.000000000000
 0.000000000000
 0.000000000000
 0.000000000000
 0.000000000000
 0.000000000000
 0.000000000000
 0.000000000000
 0.000000000000
 0.000000000000
 0.000000000000
 0.000000000000
 0.000000000000
 0.000000000000
 0.000000000000
 0.000000000000
 0.000000000000
 0.000000000000
 0.000000000000
 0.000000000000
 0.000000000000
 0.000000000000
 0.000000000000
 0.000000000000
 0.000000000000
 0.000000000000
 0.000000000000
 0.000000000000
 0.000000000000
 0.000000000000
 0.000000000000
 0.000000000000
 0.000000000000
 0.000000000000
 0.000000000000
 0.000000000000
 0.000000000000
 0.000000000000
 0.000000000000
 0.000000000000
 0.000000000000
 0.000000000000
 0.000000000000
 0.000000000000
 0.000000000000
 0.000000000000
 0.000000000000
 0.000000000000
 0.000000000000
 0.000000000000
 0.000000000000
 0.000000000000
 0.000000000000
 0.000000000000
 0.000000000000
 0.000000000000
 0.000000000000
 0.000000000000
 0.000000000000
 0.000000000000
 0.000000000000
 0.000000000000
 0.000000000000
 0.000000000000
 0.000000000000
 0.000000000000
 0.000000000000
 0.000000000000
 0.000000000000
 0.000000000000
 0.000000000000
 0.000000000000
 0.000000000000
 0.000000000000
 0.000000000000
 0.000000000000
 0.000000000000
 0.000000000000
 0.000000000000
 0.000000000000
 0.000000000000
 0.000000000000
 0.000000000000
 0.000000000000
 0.000000000000
 0.000000000000
 0.000000000000
 0.000000000000
 0.000000000000
 0.000000000000
 0.000000000000
 0.000000000000
 0.000000000000
 0.000000000000
 0.000000000000
 0.000000000000
 0.000000000000
 0.000000000000
 0.000000000000
 0.000000000000
 0.000000000000
 0.000000000000
 0.000000000000
 0.000000000000
 0.000000000000
 0.000000000000
 0.000000000000
 0.000000000000
 0.000000000000
 0.000000000000
 0.000000000000
 0.000000000000
 0.000000000000
 0.000000000000
 0.000000000000
 0.000000000000
 0.000000000000
 0.000000000000
 0.000000000000
 0.000000000000
 0.000000000000
 0.000000000000
 0.000000000000
 0.000000000000
 0.000000000000
 0.000000000000
 0.000000000000
 0.000000000000
 0.000000000000
 0.000000000000
 0.000000000000
 0.000000000000
 0.000000000000
 0.000000000000
 0.000000000000
 0.000000000000
 0.000000000000
 0.000000000000
 0.000000000000
 0.000000000000
 0.000000000000
 0.000000000000
 0.000000000000
 0.000000000000
 0.000000000000
 0.000000000000
 0.000000000000
 0.000000000000
 0.000000000000
 0.000000000000
 0.000000000000
 0.000000000000
 0.000000000000
 0.000000000000
 0.000000000000
 0.000000000000
 0.000000000000
 0.000000000000
 0.000000000000
 0.000000000000
 0.000000000000
 0.000000000000
 0.000000000000
 0.000000000000
 0.000000000000
 0.000000000000
 0.000000000000
 0.000000000000
 0.000000000000
 0.000000000000
 0.000000000000
 0.000000000000
 0.000000000000
 0.000000000000
 0.000000000000
 0.000000000000
 0.000000000000
 0.000000000000
 0.000000000000
 0.000000000000
 0.000000000000
 0.000000000000
 0.000000000000
 0.000000000000
 0.000000000000
 0.000000000000
 0.000000000000
 0.000000000000
 0.000000000000
 0.000000000000
 0.000000000000
 0.000000000000
 0.000000000000
 0.000000000000
 0.000000000000
 0.000000000000
 0.000000000000
 0.000000000000
 0.000000000000
 0.000000000000
 0.000000000000
 0.000000000000
 0.000000000000
 0.000000000000
 0.000000000000
 0.000000000000
 0.000000000000
 0.000000000000
 0.000000000000
 0.000000000000
 0.000000000000
 0.000000000000
 0.000000000000
 0.000000000000
 0.000000000000
 0.000000000000
 0.000000000000
 0.000000000000
 0.000000000000
 0.000000000000
 0.000000000000
 0.000000000000
 0.000000000000
 0.000000000000
 0.000000000000
 0.000000000000
 0.000000000000
 0.000000000000
 0.000000000000
 0.000000000000
 0.000000000000
 0.000000000000
 0.000000000000
 0.000000000000
 0.000000000000
 0.000000000000
 0.000000000000
 0.000000000000
 0.000000000000
 0.000000000000
 0.000000000000
 0.000000000000
 0.000000000000
 0.000000000000
 0.000000000000
 0.000000000000
 0.000000000000
 0.000000000000
 0.000000000000
 0.000000000000
 0.000000000000
 0.000000000000
 0.000000000000
 0.000000000000
 0.000000000000
 0.000000000000
 0.000000000000
 0.000000000000
 0.000000000000
 0.000000000000
 0.000000000000
 0.000000000000
 0.000000000000
 0.000000000000
 0.000000000000
 0.000000000000
 0.000000000000
 0.000000000000
 0.000000000000
 0.000000000000
 0.000000000000
 0.000000000000
 0.000000000000
 0.000000000000
 0.000000000000
 0.333333333333
 0.000000000000
 0.848261990912
