 0.025000000000
 0.005080187500
 0.025000000000
 0.025000000000
 0.025000000000
 0.025000000000
 0.019630750000
-0.025000000000
-0.025000000000
-0.025000000000
-0.008791062500
 0.025000000000
 0.025000000000
 0.025000000000
-0.005603812500
-0.025000000000
-0.025000000000
-0.025000000000
 0.025000000000
 0.025000000000
 0.025000000000
 0.025000000000
 0.016824500000
 0.004587375000
 0.025000000000
-0.025000000000
 0.003293687500
 0.025000000000
 0.025000000000
 0.025000000000
 0.025000000000
 0.020825437500
-0.025000000000
-0.025000000000
-0.025000000000
 0.008089250000
 0.025000000000
 0.025000000000
 0.024514812500
 0.024086687500
-0.025000000000
-0.025000000000
-0.025000000000
-0.025000000000
-0.008666187500
 0.009235812500
 0.015576625000
 0.020605375000
-0.025000000000
-0.025000000000
-0.025000000000
-0.025000000000
-0.025000000000
-0.006960312500
 0.006552625000
 0.015479062500
-0.025000000000
-0.025000000000
-0.025000000000
-0.025000000000
-0.025000000000
-0.020395062500
-0.001880875000
 0.011472125000
 0.002750312500
-0.025000000000
 0.013450375000
 0.025000000000
 0.025000000000
-0.025000000000
-0.025000000000
-0.025000000000
-0.025000000000
-0.025000000000
-0.025000000000
 0.025000000000
 0.025000000000
-0.025000000000
-0.025000000000
-0.025000000000
-0.025000000000
-0.025000000000
 0.025000000000
 0.025000000000
 0.025000000000
 0.025000000000
-0.025000000000
-0.025000000000
 0.025000000000
-0.025000000000
 0.025000000000
 0.025000000000
 0.025000000000
 0.025000000000
 0.012803562500
-0.006381312500
-0.025000000000
-0.025000000000
-0.025000000000
 0.025000000000
 0.025000000000
 0.025000000000
 0.020447062500
 0.010519437500
-0.025000000000
-0.025000000000
-0.025000000000
-0.025000000000
-0.000908312500
 0.014850750000
 0.015524625000
 0.014833250000
-0.025000000000
-0.025000000000
-0.025000000000
-0.025000000000
-0.025000000000
-0.001739000000
 0.009904812500
 0.015485937500
-0.025000000000
-0.025000000000
-0.025000000000
-0.025000000000
-0.025000000000
-0.010753687500
 0.006221500000
 0.016408125000
 0.025000000000
 0.025000000000
 0.025000000000
 0.025000000000
-0.025000000000
-0.025000000000
-0.025000000000
-0.025000000000
-0.025000000000
-0.025000000000
-0.025000000000
 0.025000000000
 0.025000000000
-0.025000000000
-0.025000000000
-0.025000000000
-0.025000000000
-0.025000000000
 0.025000000000
 0.025000000000
 0.025000000000
 0.025000000000
-0.025000000000
-0.025000000000
 0.025000000000
-0.025000000000
 0.025000000000
 0.025000000000
 0.025000000000
 0.025000000000
-0.003031625000
-0.025000000000
-0.025000000000
-0.025000000000
-0.025000000000
 0.025000000000
 0.025000000000
 0.025000000000
 0.016470625000
-0.002673687500
-0.025000000000
-0.025000000000
-0.025000000000
-0.025000000000
 0.012493000000
 0.023398000000
 0.017545750000
 0.010133000000
-0.025000000000
-0.025000000000
-0.025000000000
-0.025000000000
-0.015266937500
 0.009984062500
 0.016816375000
 0.017179625000
-0.025000000000
-0.025000000000
-0.025000000000
-0.025000000000
-0.019780687500
 0.005895375000
 0.017918125000
 0.022950875000
 0.025000000000
 0.025000000000
 0.025000000000
 0.025000000000
-0.025000000000
-0.025000000000
-0.025000000000
-0.025000000000
-0.025000000000
-0.025000000000
-0.025000000000
 0.025000000000
 0.025000000000
-0.025000000000
-0.025000000000
-0.025000000000
-0.025000000000
-0.025000000000
 0.025000000000
 0.025000000000
 0.025000000000
 0.025000000000
-0.025000000000
-0.025000000000
 0.025000000000
-0.025000000000
 0.025000000000
 0.025000000000
 0.025000000000
 0.025000000000
-0.008447875000
-0.025000000000
-0.025000000000
-0.025000000000
-0.025000000000
 0.025000000000
 0.025000000000
 0.025000000000
 0.014539625000
-0.016961187500
-0.025000000000
-0.025000000000
-0.025000000000
-0.023719187500
 0.025000000000
 0.025000000000
 0.022890500000
 0.005643750000
-0.025000000000
-0.025000000000
-0.025000000000
-0.025000000000
 0.014306125000
 0.025000000000
 0.025000000000
 0.020589625000
-0.025000000000
-0.025000000000
-0.025000000000
-0.021863375000
 0.014492312500
 0.025000000000
 0.025000000000
 0.025000000000
 0.025000000000
 0.025000000000
 0.025000000000
 0.025000000000
 0.025000000000
-0.017271375000
-0.025000000000
-0.025000000000
 0.004954000000
-0.025000000000
 0.025000000000
 0.025000000000
 0.025000000000
 0.025000000000
-0.025000000000
-0.025000000000
-0.025000000000
-0.025000000000
-0.020360562500
 0.025000000000
 0.025000000000
 0.025000000000
-0.014060437500
-0.025000000000
-0.025000000000
-0.025000000000
-0.011678312500
 0.025000000000
 0.025000000000
 0.025000000000
 0.002747562500
-0.025000000000
-0.025000000000
-0.025000000000
-0.025000000000
 0.025000000000
 0.025000000000
 0.025000000000
 0.018106875000
-0.025000000000
-0.025000000000
-0.025000000000
-0.025000000000
 0.025000000000
 0.025000000000
 0.025000000000
 0.025000000000
 0.001548125000
-0.025000000000
-0.025000000000
-0.025000000000
 0.025000000000
 0.025000000000
 0.025000000000
 0.025000000000
 0.025000000000
 0.016723687500
-0.002252062500
 0.018521625000
 0.025000000000
 0.025000000000
 0.025000000000
 0.025000000000
 0.025000000000
 0.025000000000
 0.025000000000
 0.025000000000
 0.025000000000
 0.025000000000
 0.025000000000
 0.025000000000
 0.025000000000
 0.025000000000
 0.025000000000
 0.025000000000
 0.025000000000
 0.025000000000
 0.025000000000
 0.025000000000
-0.014648500000
 0.025000000000
 0.014809062500
 0.025000000000
 0.025000000000
 0.025000000000
 0.025000000000
 0.025000000000
-0.025000000000
 0.004304437500
-0.014449187500
 0.025000000000
 0.025000000000
 0.025000000000
 0.025000000000
 0.017617812500
-0.025000000000
-0.025000000000
-0.025000000000
 0.016654500000
 0.025000000000
 0.025000000000
 0.025000000000
 0.025000000000
-0.025000000000
-0.025000000000
-0.025000000000
 0.021535312500
 0.025000000000
 0.025000000000
 0.025000000000
 0.025000000000
 0.001285500000
 0.018585187500
 0.018280000000
 0.025000000000
 0.025000000000
 0.025000000000
 0.025000000000
 0.025000000000
 0.025000000000
 0.025000000000
 0.025000000000
 0.025000000000
 0.025000000000
 0.025000000000
 0.025000000000
 0.025000000000
 0.025000000000
 0.025000000000
 0.025000000000
 0.025000000000
 0.025000000000
 0.025000000000
 0.025000000000
 0.025000000000
 0.025000000000
 0.025000000000
 0.025000000000
 0.025000000000
 0.025000000000
 0.025000000000
 0.025000000000
 0.025000000000
-0.025000000000
 0.025000000000
 0.025000000000
 0.025000000000
 0.025000000000
 0.025000000000
 0.025000000000
 0.025000000000
-0.025000000000
 0.020289625000
 0.019571312500
 0.025000000000
 0.025000000000
 0.025000000000
 0.025000000000
 0.018675812500
-0.025000000000
-0.011789812500
-0.013780062500
 0.025000000000
 0.025000000000
 0.025000000000
 0.025000000000
 0.025000000000
-0.025000000000
-0.010948500000
-0.021723937500
 0.025000000000
 0.025000000000
 0.025000000000
 0.025000000000
 0.025000000000
 0.014024437500
 0.025000000000
 0.025000000000
 0.025000000000
 0.025000000000
 0.025000000000
 0.025000000000
 0.025000000000
 0.025000000000
 0.025000000000
 0.025000000000
 0.025000000000
 0.025000000000
 0.025000000000
 0.025000000000
 0.025000000000
 0.025000000000
 0.025000000000
 0.025000000000
 0.025000000000
 0.025000000000
 0.025000000000
 0.025000000000
 0.025000000000
-0.025000000000
 0.025000000000
 0.025000000000
 0.025000000000
 0.025000000000
 0.025000000000
 0.025000000000
-0.025000000000
-0.025000000000
 0.025000000000
 0.025000000000
 0.025000000000
 0.025000000000
 0.025000000000
 0.025000000000
-0.025000000000
-0.025000000000
-0.002283500000
-0.005723812500
 0.019437750000
 0.025000000000
 0.025000000000
 0.025000000000
 0.007490875000
-0.025000000000
-0.025000000000
-0.025000000000
-0.025000000000
 0.025000000000
 0.025000000000
 0.025000000000
 0.025000000000
-0.025000000000
-0.025000000000
-0.025000000000
-0.025000000000
 0.025000000000
 0.025000000000
 0.025000000000
 0.025000000000
 0.025000000000
 0.025000000000
-0.025000000000
-0.025000000000
 0.025000000000
 0.025000000000
 0.025000000000
 0.025000000000
 0.025000000000
 0.025000000000
 0.025000000000
-0.025000000000
 0.025000000000
 0.025000000000
 0.025000000000
 0.025000000000
 0.025000000000
 0.025000000000
 0.025000000000
 0.025000000000
 0.025000000000
 0.025000000000
 0.025000000000
 0.025000000000
 0.025000000000
 0.025000000000
 0.025000000000
 0.025000000000
 0.025000000000
 0.025000000000
 0.025000000000
 0.025000000000
 0.025000000000
 0.025000000000
 0.025000000000
 0.025000000000
 0.025000000000
 0.025000000000
 0.025000000000
 0.025000000000
 0.025000000000
 0.025000000000
 0.025000000000
 0.025000000000
 0.025000000000
 0.025000000000
 0.025000000000
 0.025000000000
 0.025000000000
 0.025000000000
 0.025000000000
 0.025000000000
 0.025000000000
 0.025000000000
 0.025000000000
 0.025000000000
 0.025000000000
 0.025000000000
 0.025000000000
 0.025000000000
 0.025000000000
 0.025000000000
 0.025000000000
 0.025000000000
 0.025000000000
 0.025000000000
 0.025000000000
 0.025000000000
 0.025000000000
 0.025000000000
 0.025000000000
 0.025000000000
 0.025000000000
 0.025000000000
 0.025000000000
 0.025000000000
 0.025000000000
 0.025000000000
 0.025000000000
 0.025000000000
 0.025000000000
 0.025000000000
 0.025000000000
 0.025000000000
 0.025000000000
 0.025000000000
 0.025000000000
 0.025000000000
 0.025000000000
 0.025000000000
 0.025000000000
 0.025000000000
 0.025000000000
 0.025000000000
 0.025000000000
 0.025000000000
 0.025000000000
 0.025000000000
 0.025000000000
 0.025000000000
 0.025000000000
 0.025000000000
 0.025000000000
 0.025000000000
 0.025000000000
 0.025000000000
 0.025000000000
 0.025000000000
 0.025000000000
 0.025000000000
 0.025000000000
 0.025000000000
 0.025000000000
 0.025000000000
 0.025000000000
 0.025000000000
 0.025000000000
 0.025000000000
 0.025000000000
 0.025000000000
 0.025000000000
 0.025000000000
 0.025000000000
 0.025000000000
 0.025000000000
 0.025000000000
 0.025000000000
 0.025000000000
 0.025000000000
 0.025000000000
 0.025000000000
 0.025000000000
 0.025000000000
 0.025000000000
 0.025000000000
 0.025000000000
 0.025000000000
 0.025000000000
 0.025000000000
 0.025000000000
 0.025000000000
 0.025000000000
 0.025000000000
 0.025000000000
 0.025000000000
 0.025000000000
 0.025000000000
 0.025000000000
 0.025000000000
 0.025000000000
 0.025000000000
 0.025000000000
 0.025000000000
 0.025000000000
 0.025000000000
 0.025000000000
 0.025000000000
 0.025000000000
 0.025000000000
 0.025000000000
 0.025000000000
 0.025000000000
 0.025000000000
 0.025000000000
 0.025000000000
 0.025000000000
 0.025000000000
 0.025000000000
 0.025000000000
 0.025000000000
 0.025000000000
 0.025000000000
 0.025000000000
 0.025000000000
 0.025000000000
 0.025000000000
 0.025000000000
 0.025000000000
 0.025000000000
 0.025000000000
 0.025000000000
 0.025000000000
 0.025000000000
 0.025000000000
 0.025000000000
 0.025000000000
 0.025000000000
 0.025000000000
 0.025000000000
 0.025000000000
 0.025000000000
 0.025000000000
 0.025000000000
 0.025000000000
 0.025000000000
 0.025000000000
 0.025000000000
 0.025000000000
-0.025000000000
 0.025000000000
 0.025000000000
 0.025000000000
 0.025000000000
 0.025000000000
 0.025000000000
 0.025000000000
-0.025000000000
 0.025000000000
 0.025000000000
 0.025000000000
 0.025000000000
 0.025000000000
 0.025000000000
 0.025000000000
 0.025000000000
 0.025000000000
 0.025000000000
 0.025000000000
 0.025000000000
 0.025000000000
 0.025000000000
 0.025000000000
 0.025000000000
 0.025000000000
 0.025000000000
 0.025000000000
 0.025000000000
 0.025000000000
 0.025000000000
 0.025000000000
 0.025000000000
 0.025000000000
 0.025000000000
 0.025000000000
 0.025000000000
 0.025000000000
 0.025000000000
 0.025000000000
 0.025000000000
 0.025000000000
 0.025000000000
 0.025000000000
 0.025000000000
 0.025000000000
 0.025000000000
 0.025000000000
 0.025000000000
 0.025000000000
 0.025000000000
 0.025000000000
 0.025000000000
 0.025000000000
 0.025000000000
 0.025000000000
-0.025000000000
-0.025000000000
 0.025000000000
 0.025000000000
 0.025000000000
 0.025000000000
 0.025000000000
 0.025000000000
-0.025000000000
-0.025000000000
 0.025000000000
 0.025000000000
 0.025000000000
 0.025000000000
 0.025000000000
 0.025000000000
-0.025000000000
-0.025000000000
 0.025000000000
 0.025000000000
 0.025000000000
 0.025000000000
 0.025000000000
 0.025000000000
 0.025000000000
 0.025000000000
 0.025000000000
 0.025000000000
 0.025000000000
 0.025000000000
 0.025000000000
 0.025000000000
 0.025000000000
 0.025000000000
 0.025000000000
 0.025000000000
 0.025000000000
 0.025000000000
 0.025000000000
 0.025000000000
 0.025000000000
 0.025000000000
 0.025000000000
 0.025000000000
 0.025000000000
 0.025000000000
 0.025000000000
 0.025000000000
 0.025000000000
 0.025000000000
 0.025000000000
 0.025000000000
 0.025000000000
 0.025000000000
 0.025000000000
 0.025000000000
 0.025000000000
 0.025000000000
 0.025000000000
 0.025000000000
 0.025000000000
 0.025000000000
 0.025000000000
 0.025000000000
-0.025000000000
-0.025000000000
 0.025000000000
 0.025000000000
 0.025000000000
 0.025000000000
 0.025000000000
 0.025000000000
-0.025000000000
-0.025000000000
 0.025000000000
 0.025000000000
 0.025000000000
 0.025000000000
 0.025000000000
 0.025000000000
-0.025000000000
-0.025000000000
 0.025000000000
 0.025000000000
 0.025000000000
 0.025000000000
 0.025000000000
 0.025000000000
 0.025000000000
 0.025000000000
 0.025000000000
 0.025000000000
 0.025000000000
 0.025000000000
 0.025000000000
 0.025000000000
 0.025000000000
 0.025000000000
 0.025000000000
 0.025000000000
 0.025000000000
 0.025000000000
 0.025000000000
 0.025000000000
 0.025000000000
 0.025000000000
 0.025000000000
 0.025000000000
 0.025000000000
 0.025000000000
 0.025000000000
 0.025000000000
 0.025000000000
 0.025000000000
 0.025000000000
 0.025000000000
 0.025000000000
 0.025000000000
 0.025000000000
 0.025000000000
 0.025000000000
 0.025000000000
 0.025000000000
 0.025000000000
 0.025000000000
 0.025000000000
 0.025000000000
 0.025000000000
 0.025000000000
 0.025000000000
 0.025000000000
 0.025000000000
 0.025000000000
 0.025000000000
 0.025000000000
 0.025000000000
 0.025000000000
 0.025000000000
 0.025000000000
 0.025000000000
 0.025000000000
 0.025000000000
 0.025000000000
 0.025000000000
 0.025000000000
 0.025000000000
 0.025000000000
 0.025000000000
 0.025000000000
 0.025000000000
 0.025000000000
 0.025000000000
 0.025000000000
 0.025000000000
 0.025000000000
 0.025000000000
 0.025000000000
 0.025000000000
 0.025000000000
 0.025000000000
 0.025000000000
 0.025000000000
 0.025000000000
 0.025000000000
 0.025000000000
 0.025000000000
 0.025000000000
 0.025000000000
 0.025000000000
 0.025000000000
 0.025000000000
 0.025000000000
 0.025000000000
 0.025000000000
 0.025000000000
 0.025000000000
 0.025000000000
 0.025000000000
 0.025000000000
 0.025000000000
 0.025000000000
 0.025000000000
 0.025000000000
 0.025000000000
 0.025000000000
 0.025000000000
 0.025000000000
 0.025000000000
 0.025000000000
 0.025000000000
 0.025000000000
 0.025000000000
 0.025000000000
 0.025000000000
 0.025000000000
 0.025000000000
 0.025000000000
 0.025000000000
 0.025000000000
 0.025000000000
 0.025000000000
 0.025000000000
 0.025000000000
 0.025000000000
 0.025000000000
 0.025000000000
 0.025000000000
 0.025000000000
 0.025000000000
 0.025000000000
 0.025000000000
 0.025000000000
 0.025000000000
 0.025000000000
 0.025000000000
 0.025000000000
 0.025000000000
 0.025000000000
 0.025000000000
 0.025000000000
 0.025000000000
 0.025000000000
 0.025000000000
 0.025000000000
 0.025000000000
 0.025000000000
 0.025000000000
 0.025000000000
 0.025000000000
 0.025000000000
 0.025000000000
 0.025000000000
 0.025000000000
 0.025000000000
 0.025000000000
 0.025000000000
 0.025000000000
 0.025000000000
 0.025000000000
 0.025000000000
 0.025000000000
 0.025000000000
 0.025000000000
 0.025000000000
 0.025000000000
 0.025000000000
 0.025000000000
 0.025000000000
 0.025000000000
 0.025000000000
 0.025000000000
 0.025000000000
 0.025000000000
 0.025000000000
 0.025000000000
 0.025000000000
 0.025000000000
 0.025000000000
 0.025000000000
 0.025000000000
 0.025000000000
 0.025000000000
 0.025000000000
 0.025000000000
 0.025000000000
 0.025000000000
 0.025000000000
 0.025000000000
 0.025000000000
 0.025000000000
 0.025000000000
 0.025000000000
 0.025000000000
 0.025000000000
 0.025000000000
 0.025000000000
 0.025000000000
 0.025000000000
 0.025000000000
 0.025000000000
 0.025000000000
 0.025000000000
 0.025000000000
 0.025000000000
 0.025000000000
 0.025000000000
 0.025000000000
 0.025000000000
 0.025000000000
 0.025000000000
 0.025000000000
 0.025000000000
 0.025000000000
 0.025000000000
 0.025000000000
 0.025000000000
 0.025000000000
 0.025000000000
 0.025000000000
 0.025000000000
 0.025000000000
 0.025000000000
 0.025000000000
 0.025000000000
 0.025000000000
 0.025000000000
 0.025000000000
 0.025000000000
 0.025000000000
 0.025000000000
 0.025000000000
 0.025000000000
 0.025000000000
 0.025000000000
 0.025000000000
 0.025000000000
 0.025000000000
 0.025000000000
 0.025000000000
 0.025000000000
 0.025000000000
 0.025000000000
 0.025000000000
 0.025000000000
 0.025000000000
 0.025000000000
 0.025000000000
-0.025000000000
 0.025000000000
 0.025000000000
 0.025000000000
 0.025000000000
 0.025000000000
 0.025000000000
 0.025000000000
 0.025000000000
 0.025000000000
 0.025000000000
 0.025000000000
 0.025000000000
 0.025000000000
 0.025000000000
 0.025000000000
 0.025000000000
 0.025000000000
 0.025000000000
 0.025000000000
 0.025000000000
 0.025000000000
 0.025000000000
 0.025000000000
 0.025000000000
 0.025000000000
 0.025000000000
 0.025000000000
 0.025000000000
 0.025000000000
 0.025000000000
 0.025000000000
 0.025000000000
 0.025000000000
 0.025000000000
 0.025000000000
 0.025000000000
 0.025000000000
 0.025000000000
 0.025000000000
 0.025000000000
 0.025000000000
 0.025000000000
 0.025000000000
 0.025000000000
 0.025000000000
 0.025000000000
 0.025000000000
 0.025000000000
 0.025000000000
 0.025000000000
 0.025000000000
 0.025000000000
 0.025000000000
 0.025000000000
 0.025000000000
 0.025000000000
 0.025000000000
 0.025000000000
 0.025000000000
 0.025000000000
 0.025000000000
 0.025000000000
 0.025000000000
-0.025000000000
-0.025000000000
 0.025000000000
 0.025000000000
 0.025000000000
 0.025000000000
 0.025000000000
 0.025000000000
 0.025000000000
-0.025000000000
-0.025000000000
 0.025000000000
 0.025000000000
 0.025000000000
 0.025000000000
 0.025000000000
 0.025000000000
 0.025000000000
 0.025000000000
 0.025000000000
 0.025000000000
 0.025000000000
 0.025000000000
 0.025000000000
 0.025000000000
 0.025000000000
 0.025000000000
 0.025000000000
 0.025000000000
 0.025000000000
 0.025000000000
 0.025000000000
 0.025000000000
 0.025000000000
 0.025000000000
 0.025000000000
 0.025000000000
 0.025000000000
 0.025000000000
 0.025000000000
 0.025000000000
 0.025000000000
 0.025000000000
 0.025000000000
 0.025000000000
 0.025000000000
 0.025000000000
 0.025000000000
 0.025000000000
 0.006239375000
 0.025000000000
 0.025000000000
 0.025000000000
 0.025000000000
 0.025000000000
 0.025000000000
 0.025000000000
-0.025000000000
-0.025000000000
 0.025000000000
 0.025000000000
 0.025000000000
 0.025000000000
 0.025000000000
-0.025000000000
-0.025000000000
-0.025000000000
 0.025000000000
 0.025000000000
 0.025000000000
 0.025000000000
 0.025000000000
-0.025000000000
-0.025000000000
-0.025000000000
 0.025000000000
 0.025000000000
 0.025000000000
 0.025000000000
 0.025000000000
 0.025000000000
 0.025000000000
 0.025000000000
 0.025000000000
 0.025000000000
 0.025000000000
 0.025000000000
 0.025000000000
 0.025000000000
 0.025000000000
 0.025000000000
 0.025000000000
 0.025000000000
 0.025000000000
 0.025000000000
 0.025000000000
 0.025000000000
 0.025000000000
 0.025000000000
 0.025000000000
 0.025000000000
 0.025000000000
 0.025000000000
 0.025000000000
 0.025000000000
 0.025000000000
 0.025000000000
 0.025000000000
 0.025000000000
 0.025000000000
 0.025000000000
 0.025000000000
 0.025000000000
-0.025000000000
-0.025000000000
 0.025000000000
 0.025000000000
 0.025000000000
 0.025000000000
 0.025000000000
 0.019721937500
-0.025000000000
-0.025000000000
-0.025000000000
 0.025000000000
 0.025000000000
 0.025000000000
 0.025000000000
-0.025000000000
-0.025000000000
-0.025000000000
-0.025000000000
 0.025000000000
 0.025000000000
 0.025000000000
 0.025000000000
-0.025000000000
-0.025000000000
-0.025000000000
 0.025000000000
 0.025000000000
 0.025000000000
 0.025000000000
 0.025000000000
 0.025000000000
 0.025000000000
 0.025000000000
 0.025000000000
 0.025000000000
 0.025000000000
 0.025000000000
 0.025000000000
 0.025000000000
 0.025000000000
 0.025000000000
 0.025000000000
 0.025000000000
 0.025000000000
 0.025000000000
 0.025000000000
 0.025000000000
 0.025000000000
 0.025000000000
 0.025000000000
 0.025000000000
 0.025000000000
 0.025000000000
 0.025000000000
 0.025000000000
 0.025000000000
 0.025000000000
 0.025000000000
 0.025000000000
 0.025000000000
 0.025000000000
 0.025000000000
 0.025000000000
 0.025000000000
 0.025000000000
 0.025000000000
 0.025000000000
 0.025000000000
 0.025000000000
 0.025000000000
-0.025000000000
-0.025000000000
-0.025000000000
-0.025000000000
 0.025000000000
 0.025000000000
 0.025000000000
 0.025000000000
-0.025000000000
-0.025000000000
-0.025000000000
-0.025000000000
 0.025000000000
 0.025000000000
 0.025000000000
 0.025000000000
 0.025000000000
-0.025000000000
-0.025000000000
 0.025000000000
 0.025000000000
 0.025000000000
 0.025000000000
 0.025000000000
 0.025000000000
 0.025000000000
 0.025000000000
 0.025000000000
 0.025000000000
 0.025000000000
 0.025000000000
 0.025000000000
 0.025000000000
 0.025000000000
 0.025000000000
 0.025000000000
 0.025000000000
 0.025000000000
 0.025000000000
 0.025000000000
 0.025000000000
 0.025000000000
 0.025000000000
 0.025000000000
 0.025000000000
 0.025000000000
 0.025000000000
 0.025000000000
 0.025000000000
 0.025000000000
 0.025000000000
 0.025000000000
 0.025000000000
 0.025000000000
 0.025000000000
 0.025000000000
 0.025000000000
 0.025000000000
 0.025000000000
 0.025000000000
 0.025000000000
 0.025000000000
 0.025000000000
 0.025000000000
 0.025000000000
 0.025000000000
-0.025000000000
 0.025000000000
 0.025000000000
 0.025000000000
 0.025000000000
 0.025000000000
 0.025000000000
 0.025000000000
-0.025000000000
-0.025000000000
 0.025000000000
 0.025000000000
 0.025000000000
 0.025000000000
 0.025000000000
 0.025000000000
-0.025000000000
-0.025000000000
 0.025000000000
 0.025000000000
 0.025000000000
 0.025000000000
 0.025000000000
 0.025000000000
 0.025000000000
 0.025000000000
 0.025000000000
 0.025000000000
 0.025000000000
 0.025000000000
 0.025000000000
 0.025000000000
 0.025000000000
 0.025000000000
 0.025000000000
 0.025000000000
 0.025000000000
 0.025000000000
 0.025000000000
 0.025000000000
 0.025000000000
 0.025000000000
 0.025000000000
 0.025000000000
 0.025000000000
 0.025000000000
 0.025000000000
 0.025000000000
 0.025000000000
 0.025000000000
 0.025000000000
 0.025000000000
 0.025000000000
 0.025000000000
 0.025000000000
 0.025000000000
 0.025000000000
 0.025000000000
 0.025000000000
 0.025000000000
 0.025000000000
 0.025000000000
 0.025000000000
 0.025000000000
 0.025000000000
 0.025000000000
 0.025000000000
 0.025000000000
 0.025000000000
 0.025000000000
 0.025000000000
 0.025000000000
 0.025000000000
-0.025000000000
 0.025000000000
 0.025000000000
 0.025000000000
 0.025000000000
 0.025000000000
 0.025000000000
 0.025000000000
-0.025000000000
 0.025000000000
 0.025000000000
 0.025000000000
 0.025000000000
 0.025000000000
 0.025000000000
 0.025000000000
 0.025000000000
 0.025000000000
 0.025000000000
 0.025000000000
 0.025000000000
 0.025000000000
 0.025000000000
 0.025000000000
 0.025000000000
 0.025000000000
 0.025000000000
 0.025000000000
 0.025000000000
 0.025000000000
 0.025000000000
 0.025000000000
 0.025000000000
 0.025000000000
 0.025000000000
 0.025000000000
 0.025000000000
 0.025000000000
 0.025000000000
 0.025000000000
 0.025000000000
 0.025000000000
 0.025000000000
 0.025000000000
 0.025000000000
 0.025000000000
 0.025000000000
 0.025000000000
 0.025000000000
 0.025000000000
 0.025000000000
 0.025000000000
 0.025000000000
 0.025000000000
 0.025000000000
 0.025000000000
 0.025000000000
 0.025000000000
 0.025000000000
 0.025000000000
 0.025000000000
 0.025000000000
 0.025000000000
 0.025000000000
 0.025000000000
 0.025000000000
 0.025000000000
 0.025000000000
 0.025000000000
 0.025000000000
 0.025000000000
 0.025000000000
 0.025000000000
 0.000000000000
 0.000000000000
 0.000000000000
 0.000000000000
 0.000000000000
 0.000000000000
 0.000000000000
 0.000000000000
 0.000000000000
 0.000000000000
 0.000000000000
 0.000000000000
 0.000000000000
 0.000000000000
 0.000000000000
 0.000000000000
 0.000000000000
 0.000000000000
 0.000000000000
 0.000000000000
 0.000000000000
 0.000000000000
 0.000000000000
 0.000000000000
 0.000000000000
 0.000000000000
 0.000000000000
 0.000000000000
 0.000000000000
 0.000000000000
 0.000000000000
 0.000000000000
 0.000000000000
 0.000000000000
 0.000000000000
 0.000000000000
 0.000000000000
 0.000000000000
 0.000000000000
 0.000000000000
 0.000000000000
 0.000000000000
 0.000000000000
 0.000000000000
 0.000000000000
 0.000000000000
 0.000000000000
 0.000000000000
 0.000000000000
 0.000000000000
 0.000000000000
 0.000000000000
 0.000000000000
 0.000000000000
 0.000000000000
 0.000000000000
 0.000000000000
 0.000000000000
 0.000000000000
 0.000000000000
 0.000000000000
 0.000000000000
 0.000000000000
 0.000000000000
 0.000000000000
 0.000000000000
 0.000000000000
 0.000000000000
 0.000000000000
 0.000000000000
 0.000000000000
 0.000000000000
 0.000000000000
 0.000000000000
 0.000000000000
 0.000000000000
 0.000000000000
 0.000000000000
 0.000000000000
 0.000000000000
 0.000000000000
 0.000000000000
 0.000000000000
 0.000000000000
 0.000000000000
 0.000000000000
 0.000000000000
 0.000000000000
 0.000000000000
 0.000000000000
 0.000000000000
 0.000000000000
 0.000000000000
 0.000000000000
 0.000000000000
 0.000000000000
 0.000000000000
 0.000000000000
 0.000000000000
 0.000000000000
 0.000000000000
 0.000000000000
 0.000000000000
 0.000000000000
 0.000000000000
 0.000000000000
 0.000000000000
 0.000000000000
 0.000000000000
 0.000000000000
 0.000000000000
 0.000000000000
 0.000000000000
 0.000000000000
 0.000000000000
 0.000000000000
 0.000000000000
 0.000000000000
 0.000000000000
 0.000000000000
 0.000000000000
 0.000000000000
 0.000000000000
 0.000000000000
 0.000000000000
 0.000000000000
 0.000000000000
 0.000000000000
 0.000000000000
 0.000000000000
 0.000000000000
 0.000000000000
 0.000000000000
 0.000000000000
 0.000000000000
 0.000000000000
 0.000000000000
 0.000000000000
 0.000000000000
 0.000000000000
 0.000000000000
 0.000000000000
 0.000000000000
 0.000000000000
 0.000000000000
 0.000000000000
 0.000000000000
 0.000000000000
 0.000000000000
 0.000000000000
 0.000000000000
 0.000000000000
 0.000000000000
 0.000000000000
 0.000000000000
 0.000000000000
 0.000000000000
 0.000000000000
 0.000000000000
 0.000000000000
 0.000000000000
 0.000000000000
 0.000000000000
 0.000000000000
 0.000000000000
 0.000000000000
 0.000000000000
 0.000000000000
 0.000000000000
 0.000000000000
 0.000000000000
 0.000000000000
 0.000000000000
 0.000000000000
 0.000000000000
 0.000000000000
 0.000000000000
 0.000000000000
 0.000000000000
 0.000000000000
 0.000000000000
 0.000000000000
 0.000000000000
 0.000000000000
 0.000000000000
 0.000000000000
 0.000000000000
 0.000000000000
 0.000000000000
 0.000000000000
 0.000000000000
 0.000000000000
 0.000000000000
 0.000000000000
 0.000000000000
 0.000000000000
 0.000000000000
 0.000000000000
 0.000000000000
 0.000000000000
 0.000000000000
 0.000000000000
 0.000000000000
 0.000000000000
 0.000000000000
 0.000000000000
 0.000000000000
 0.000000000000
 0.000000000000
 0.000000000000
 0.000000000000
 0.000000000000
 0.000000000000
 0.000000000000
 0.000000000000
 0.000000000000
 0.000000000000
 0.000000000000
 0.000000000000
 0.000000000000
 0.000000000000
 0.000000000000
 0.000000000000
 0.000000000000
 0.000000000000
 0.000000000000
 0.000000000000
 0.000000000000
 0.000000000000
 0.000000000000
 0.000000000000
 0.000000000000
 0.000000000000
 0.000000000000
 0.000000000000
 0.000000000000
 0.000000000000
 0.000000000000
 0.000000000000
 0.000000000000
 0.000000000000
 0.000000000000
 0.000000000000
 0.000000000000
 0.000000000000
 0.000000000000
 0.000000000000
 0.000000000000
 0.000000000000
 0.000000000000
 0.000000000000
 0.000000000000
 0.000000000000
 0.000000000000
 0.000000000000
 0.000000000000
 0.000000000000
 0.000000000000
 0.000000000000
 0.000000000000
 0.000000000000
 0.000000000000
 0.000000000000
 0.000000000000
 0.000000000000
 0.000000000000
 0.000000000000
 0.000000000000
 0.000000000000
 0.000000000000
 0.000000000000
 0.000000000000
 0.000000000000
 0.000000000000
 0.000000000000
 0.000000000000
 0.000000000000
 0.000000000000
 0.000000000000
 0.000000000000
 0.000000000000
 0.000000000000
 0.000000000000
 0.000000000000
 0.000000000000
 0.000000000000
 0.000000000000
 0.000000000000
 0.000000000000
 0.000000000000
 0.000000000000
 0.000000000000
 0.000000000000
 0.000000000000
 0.000000000000
 0.000000000000
 0.000000000000
 0.000000000000
 0.000000000000
 0.000000000000
 0.000000000000
 0.000000000000
 0.000000000000
 0.000000000000
 0.000000000000
 0.000000000000
 0.000000000000
 0.000000000000
 0.000000000000
 0.000000000000
 0.000000000000
 0.000000000000
 0.000000000000
 0.000000000000
 0.000000000000
 0.000000000000
 0.000000000000
 0.000000000000
 0.000000000000
 0.000000000000
 0.000000000000
 0.000000000000
 0.000000000000
 0.000000000000
 0.000000000000
 0.000000000000
 0.000000000000
 0.000000000000
 0.000000000000
 0.000000000000
 0.000000000000
 0.000000000000
 0.000000000000
 0.000000000000
 0.000000000000
 0.000000000000
 0.000000000000
 0.000000000000
 0.000000000000
 0.000000000000
 0.000000000000
 0.000000000000
 0.000000000000
 0.000000000000
 0.000000000000
 0.000000000000
 0.000000000000
 0.000000000000
 0.000000000000
 0.000000000000
 0.000000000000
 0.000000000000
 0.000000000000
 0.000000000000
 0.000000000000
 0.000000000000
 0.000000000000
 0.000000000000
 0.000000000000
 0.000000000000
 0.000000000000
 0.000000000000
 0.000000000000
 0.000000000000
 0.000000000000
 0.000000000000
 0.000000000000
 0.000000000000
 0.000000000000
 0.000000000000
 0.000000000000
 0.000000000000
 0.000000000000
 0.000000000000
 0.000000000000
 0.000000000000
 0.000000000000
 0.000000000000
 0.000000000000
 0.000000000000
 0.000000000000
 0.000000000000
 0.000000000000
 0.000000000000
 0.000000000000
 0.000000000000
 0.000000000000
 0.000000000000
 0.000000000000
 0.000000000000
 0.000000000000
 0.000000000000
 0.000000000000
 0.000000000000
 0.000000000000
 0.000000000000
 0.000000000000
 0.000000000000
 0.000000000000
 0.000000000000
 0.000000000000
 0.000000000000
 0.000000000000
 0.000000000000
 0.000000000000
 0.000000000000
 0.000000000000
 0.000000000000
 0.000000000000
 0.000000000000
 0.000000000000
 0.000000000000
 0.000000000000
 0.000000000000
 0.000000000000
 0.000000000000
 0.000000000000
 0.000000000000
 0.000000000000
 0.000000000000
 0.000000000000
 0.000000000000
 0.000000000000
 0.000000000000
 0.000000000000
 0.000000000000
 0.000000000000
 0.000000000000
 0.000000000000
 0.000000000000
 0.000000000000
 0.000000000000
 0.000000000000
 0.000000000000
 0.000000000000
 0.000000000000
 0.000000000000
 0.000000000000
 0.000000000000
 0.000000000000
 0.000000000000
 0.000000000000
 0.000000000000
 0.000000000000
 0.000000000000
 0.000000000000
 0.000000000000
 0.000000000000
 0.000000000000
 0.000000000000
 0.000000000000
 0.000000000000
 0.000000000000
 0.000000000000
 0.000000000000
 0.000000000000
 0.000000000000
 0.000000000000
 0.000000000000
 0.000000000000
 0.000000000000
 0.000000000000
 0.000000000000
 0.000000000000
 0.000000000000
 0.000000000000
 0.000000000000
 0.000000000000
 0.000000000000
 0.000000000000
 0.000000000000
 0.000000000000
 0.000000000000
 0.000000000000
 0.000000000000
 0.000000000000
 0.000000000000
 0.000000000000
 0.000000000000
 0.000000000000
 0.000000000000
 0.000000000000
 0.000000000000
 0.000000000000
 0.000000000000
 0.000000000000
 0.000000000000
 0.000000000000
 0.000000000000
 0.000000000000
 0.000000000000
 0.000000000000
 0.000000000000
 0.000000000000
 0.000000000000
 0.000000000000
 0.000000000000
 0.000000000000
 0.000000000000
 0.000000000000
 0.000000000000
 0.000000000000
 0.000000000000
 0.000000000000
 0.000000000000
 0.000000000000
 0.000000000000
 0.000000000000
 0.000000000000
 0.031250000000
 0.280840561323
 0.000000000000
