  -1.800   -1.800   -1.800       0.000000
  -1.800   -1.800   -1.200       0.000000
  -1.800   -1.800   -0.600       0.000000
  -1.800   -1.800   -0.000       0.000000
  -1.800   -1.800    0.600       0.000000
  -1.800   -1.800    1.200       0.000000
  -1.800   -1.800    1.800       0.000000
  -1.800   -1.800    2.400       0.000000
  -1.800   -1.200   -1.800       0.000000
  -1.800   -1.200   -1.200       0.000000
  -1.800   -1.200   -0.600       0.000000
  -1.800   -1.200   -0.000       0.000000
  -1.800   -1.200    0.600       0.000000
  -1.800   -1.200    1.200       0.000000
  -1.800   -1.200    1.800       0.000000
  -1.800   -1.200    2.400       0.000000
  -1.800   -0.600   -1.800       0.000000
  -1.800   -0.600   -1.200       0.000000
  -1.800   -0.600   -0.600       0.000000
  -1.800   -0.600   -0.000       0.000000
  -1.800   -0.600    0.600       0.000000
  -1.800   -0.600    1.200       0.000000
  -1.800   -0.600    1.800       0.000000
  -1.800   -0.600    2.400       0.000000
  -1.800   -0.000   -1.800       0.000000
  -1.800   -0.000   -1.200       0.000000
  -1.800   -0.000   -0.600       0.000000
  -1.800   -0.000   -0.000       0.000000
  -1.800   -0.000    0.600       0.000000
  -1.800   -0.000    1.200       0.000000
  -1.800   -0.000    1.800       0.000000
  -1.800   -0.000    2.400       0.000000
  -1.800    0.600   -1.800       0.000000
  -1.800    0.600   -1.200       0.000000
  -1.800    0.600   -0.600       0.000000
  -1.800    0.600   -0.000       0.000000
  -1.800    0.600    0.600       0.000000
  -1.800    0.600    1.200       0.000000
  -1.800    0.600    1.800       0.000000
  -1.800    0.600    2.400       0.000000
  -1.800    1.200   -1.800       0.000000
  -1.800    1.200   -1.200       0.000000
  -1.800    1.200   -0.600       0.000000
  -1.800    1.200   -0.000       0.000000
  -1.800    1.200    0.600       0.000000
  -1.800    1.200    1.200       0.000000
  -1.800    1.200    1.800       0.000000
  -1.800    1.200    2.400       0.000000
  -1.800    1.800   -1.800       0.000000
  -1.800    1.800   -1.200       0.000000
  -1.800    1.800   -0.600       0.000000
  -1.800    1.800   -0.000       0.000000
  -1.800    1.800    0.600       0.000000
  -1.800    1.800    1.200       0.000000
  -1.800    1.800    1.800       0.000000
  -1.800    1.800    2.400       0.000000
  -1.800    2.400   -1.800       0.000000
  -1.800    2.400   -1.200       0.000000
  -1.800    2.400   -0.600       0.000000
  -1.800    2.400   -0.000       0.000000
  -1.800    2.400    0.600       0.000000
  -1.800    2.400    1.200       0.000000
  -1.800    2.400    1.800       0.000000
  -1.800    2.400    2.400       0.000000
  -1.200   -1.800   -1.800       0.000000
  -1.200   -1.800   -1.200       0.000000
  -1.200   -1.800   -0.600       0.000000
  -1.200   -1.800   -0.000       0.000000
  -1.200   -1.800    0.600       0.000000
  -1.200   -1.800    1.200       0.000000
  -1.200   -1.800    1.800       0.000000
  -1.200   -1.800    2.400       0.000000
  -1.200   -1.200   -1.800       0.000000
  -1.200   -1.200   -1.200       0.000000
  -1.200   -1.200   -0.600       0.000000
  -1.200   -1.200   -0.000       0.000000
  -1.200   -1.200    0.600       0.000000
  -1.200   -1.200    1.200       0.000000
  -1.200   -1.200    1.800       0.000000
  -1.200   -1.200    2.400       0.000000
  -1.200   -0.600   -1.800       0.000000
  -1.200   -0.600   -1.200       0.000000
  -1.200   -0.600   -0.600       0.000000
  -1.200   -0.600   -0.000       0.000000
  -1.200   -0.600    0.600       0.000000
  -1.200   -0.600    1.200       0.000000
  -1.200   -0.600    1.800       0.000000
  -1.200   -0.600    2.400       0.000000
  -1.200   -0.000   -1.800       0.000000
  -1.200   -0.000   -1.200       0.000000
  -1.200   -0.000   -0.600       0.000000
  -1.200   -0.000   -0.000       0.000000
  -1.200   -0.000    0.600       0.000000
  -1.200   -0.000    1.200       0.000000
  -1.200   -0.000    1.800       0.000000
  -1.200   -0.000    2.400       0.000000
  -1.200    0.600   -1.800       0.000000
  -1.200    0.600   -1.200       0.000000
  -1.200    0.600   -0.600       0.000000
  -1.200    0.600   -0.000       0.000000
  -1.200    0.600    0.600       0.000000
  -1.200    0.600    1.200       0.000000
  -1.200    0.600    1.800       0.000000
  -1.200    0.600    2.400       0.000000
  -1.200    1.200   -1.800       0.000000
  -1.200    1.200   -1.200       0.000000
  -1.200    1.200   -0.600      -0.215446
  -1.200    1.200   -0.000      -0.162529
  -1.200    1.200    0.600       0.000000
  -1.200    1.200    1.200       0.000000
  -1.200    1.200    1.800       0.000000
  -1.200    1.200    2.400       0.000000
  -1.200    1.800   -1.800       0.000000
  -1.200    1.800   -1.200       0.000000
  -1.200    1.800   -0.600      -0.132984
  -1.200    1.800   -0.000      -0.100321
  -1.200    1.800    0.600       0.000000
  -1.200    1.800    1.200       0.000000
  -1.200    1.800    1.800       0.000000
  -1.200    1.800    2.400       0.000000
  -1.200    2.400   -1.800       0.000000
  -1.200    2.400   -1.200       0.000000
  -1.200    2.400   -0.600       0.000000
  -1.200    2.400   -0.000       0.000000
  -1.200    2.400    0.600       0.000000
  -1.200    2.400    1.200       0.000000
  -1.200    2.400    1.800       0.000000
  -1.200    2.400    2.400       0.000000
  -0.600   -1.800   -1.800       0.000000
  -0.600   -1.800   -1.200       0.000000
  -0.600   -1.800   -0.600       0.000000
  -0.600   -1.800   -0.000       0.000000
  -0.600   -1.800    0.600       0.000000
  -0.600   -1.800    1.200       0.000000
  -0.600   -1.800    1.800       0.000000
  -0.600   -1.800    2.400       0.000000
  -0.600   -1.200   -1.800       0.000000
  -0.600   -1.200   -1.200       0.000000
  -0.600   -1.200   -0.600       0.000000
  -0.600   -1.200   -0.000       0.000000
  -0.600   -1.200    0.600       0.000000
  -0.600   -1.200    1.200       0.000000
  -0.600   -1.200    1.800       0.000000
  -0.600   -1.200    2.400       0.000000
  -0.600   -0.600   -1.800       0.000000
  -0.600   -0.600   -1.200       0.000000
  -0.600   -0.600   -0.600       0.000000
  -0.600   -0.600   -0.000       0.000000
  -0.600   -0.600    0.600       0.000000
  -0.600   -0.600    1.200       0.000000
  -0.600   -0.600    1.800       0.000000
  -0.600   -0.600    2.400       0.000000
  -0.600   -0.000   -1.800       0.000000
  -0.600   -0.000   -1.200       0.000000
  -0.600   -0.000   -0.600       0.000000
  -0.600   -0.000   -0.000       0.000000
  -0.600   -0.000    0.600       0.000000
  -0.600   -0.000    1.200      -0.204649
  -0.600   -0.000    1.800      -0.207396
  -0.600   -0.000    2.400       0.000000
  -0.600    0.600   -1.800       0.000000
  -0.600    0.600   -1.200       0.000000
  -0.600    0.600   -0.600       0.000000
  -0.600    0.600   -0.000       0.026651
  -0.600    0.600    0.600       0.049495
  -0.600    0.600    1.200      -0.106999
  -0.600    0.600    1.800      -0.108436
  -0.600    0.600    2.400       0.000000
  -0.600    1.200   -1.800       0.000000
  -0.600    1.200   -1.200       0.000000
  -0.600    1.200   -0.600      -0.012942
  -0.600    1.200   -0.000       0.001211
  -0.600    1.200    0.600       0.020380
  -0.600    1.200    1.200       0.000000
  -0.600    1.200    1.800       0.000000
  -0.600    1.200    2.400       0.000000
  -0.600    1.800   -1.800       0.000000
  -0.600    1.800   -1.200       0.000000
  -0.600    1.800   -0.600      -0.007988
  -0.600    1.800   -0.000      -0.006026
  -0.600    1.800    0.600       0.000000
  -0.600    1.800    1.200       0.000000
  -0.600    1.800    1.800       0.000000
  -0.600    1.800    2.400       0.000000
  -0.600    2.400   -1.800       0.000000
  -0.600    2.400   -1.200       0.000000
  -0.600    2.400   -0.600       0.000000
  -0.600    2.400   -0.000       0.000000
  -0.600    2.400    0.600       0.000000
  -0.600    2.400    1.200       0.000000
  -0.600    2.400    1.800       0.000000
  -0.600    2.400    2.400       0.000000
  -0.000   -1.800   -1.800       0.000000
  -0.000   -1.800   -1.200       0.000000
  -0.000   -1.800   -0.600       0.000000
  -0.000   -1.800   -0.000       0.000000
  -0.000   -1.800    0.600       0.000000
  -0.000   -1.800    1.200       0.000000
  -0.000   -1.800    1.800       0.000000
  -0.000   -1.800    2.400       0.000000
  -0.000   -1.200   -1.800       0.000000
  -0.000   -1.200   -1.200       0.000000
  -0.000   -1.200   -0.600       0.000000
  -0.000   -1.200   -0.000       0.000000
  -0.000   -1.200    0.600       0.000000
  -0.000   -1.200    1.200       0.000000
  -0.000   -1.200    1.800       0.000000
  -0.000   -1.200    2.400       0.000000
  -0.000   -0.600   -1.800       0.000000
  -0.000   -0.600   -1.200       0.000000
  -0.000   -0.600   -0.600       0.000000
  -0.000   -0.600   -0.000       0.000000
  -0.000   -0.600    0.600       0.000000
  -0.000   -0.600    1.200       0.000000
  -0.000   -0.600    1.800       0.000000
  -0.000   -0.600    2.400       0.000000
  -0.000   -0.000   -1.800       0.000000
  -0.000   -0.000   -1.200       0.000000
  -0.000   -0.000   -0.600       0.000000
  -0.000   -0.000   -0.000       0.000000
  -0.000   -0.000    0.600       0.000000
  -0.000   -0.000    1.200      -0.006692
  -0.000   -0.000    1.800      -0.006782
  -0.000   -0.000    2.400       0.000000
  -0.000    0.600   -1.800       0.000000
  -0.000    0.600   -1.200       0.000000
  -0.000    0.600   -0.600       0.000000
  -0.000    0.600   -0.000       0.015991
  -0.000    0.600    0.600       0.029697
  -0.000    0.600    1.200      -0.003499
  -0.000    0.600    1.800      -0.003546
  -0.000    0.600    2.400       0.000000
  -0.000    1.200   -1.800       0.000000
  -0.000    1.200   -1.200       0.000000
  -0.000    1.200   -0.600       0.000000
  -0.000    1.200   -0.000       0.006584
  -0.000    1.200    0.600       0.012228
  -0.000    1.200    1.200       0.000000
  -0.000    1.200    1.800       0.000000
  -0.000    1.200    2.400       0.000000
  -0.000    1.800   -1.800       0.000000
  -0.000    1.800   -1.200       0.000000
  -0.000    1.800   -0.600       0.000000
  -0.000    1.800   -0.000       0.000000
  -0.000    1.800    0.600       0.000000
  -0.000    1.800    1.200       0.000000
  -0.000    1.800    1.800       0.000000
  -0.000    1.800    2.400       0.000000
  -0.000    2.400   -1.800       0.000000
  -0.000    2.400   -1.200       0.000000
  -0.000    2.400   -0.600       0.000000
  -0.000    2.400   -0.000       0.000000
  -0.000    2.400    0.600       0.000000
  -0.000    2.400    1.200       0.000000
  -0.000    2.400    1.800       0.000000
  -0.000    2.400    2.400       0.000000
   0.600   -1.800   -1.800       0.000935
   0.600   -1.800   -1.200       0.000923
   0.600   -1.800   -0.600       0.000000
   0.600   -1.800   -0.000       0.000000
   0.600   -1.800    0.600       0.000000
   0.600   -1.800    1.200       0.000000
   0.600   -1.800    1.800       0.000000
   0.600   -1.800    2.400       0.000000
   0.600   -1.200   -1.800       0.001515
   0.600   -1.200   -1.200       0.001495
   0.600   -1.200   -0.600       0.000000
   0.600   -1.200   -0.000       0.000000
   0.600   -1.200    0.600       0.000000
   0.600   -1.200    1.200       0.000000
   0.600   -1.200    1.800       0.000000
   0.600   -1.200    2.400       0.000000
   0.600   -0.600   -1.800       0.000003
   0.600   -0.600   -1.200       0.000003
   0.600   -0.600   -0.600       0.000000
   0.600   -0.600   -0.000       0.000000
   0.600   -0.600    0.600       0.000000
   0.600   -0.600    1.200       0.000000
   0.600   -0.600    1.800       0.000000
   0.600   -0.600    2.400       0.000000
   0.600   -0.000   -1.800       0.000168
   0.600   -0.000   -1.200       0.000166
   0.600   -0.000   -0.600       0.000000
   0.600   -0.000   -0.000       0.000000
   0.600   -0.000    0.600       0.000000
   0.600   -0.000    1.200       0.000000
   0.600   -0.000    1.800       0.000000
   0.600   -0.000    2.400       0.000000
   0.600    0.600   -1.800       0.000000
   0.600    0.600   -1.200       0.000000
   0.600    0.600   -0.600       0.005258
   0.600    0.600   -0.000       0.018824
   0.600    0.600    0.600       0.000000
   0.600    0.600    1.200       0.000000
   0.600    0.600    1.800       0.000000
   0.600    0.600    2.400       0.000000
   0.600    1.200   -1.800       0.000000
   0.600    1.200   -1.200       0.000000
   0.600    1.200   -0.600       0.000499
   0.600    1.200   -0.000       0.001786
   0.600    1.200    0.600       0.000000
   0.600    1.200    1.200       0.000000
   0.600    1.200    1.800       0.000000
   0.600    1.200    2.400       0.000000
   0.600    1.800   -1.800       0.000000
   0.600    1.800   -1.200       0.000000
   0.600    1.800   -0.600       0.000000
   0.600    1.800   -0.000       0.000000
   0.600    1.800    0.600       0.000000
   0.600    1.800    1.200       0.000000
   0.600    1.800    1.800       0.000000
   0.600    1.800    2.400       0.000000
   0.600    2.400   -1.800       0.000000
   0.600    2.400   -1.200       0.000000
   0.600    2.400   -0.600       0.000000
   0.600    2.400   -0.000       0.000000
   0.600    2.400    0.600       0.000000
   0.600    2.400    1.200       0.000000
   0.600    2.400    1.800       0.000000
   0.600    2.400    2.400       0.000000
   1.200   -1.800   -1.800       0.000026
   1.200   -1.800   -1.200       0.000025
   1.200   -1.800   -0.600       0.000000
   1.200   -1.800   -0.000       0.000000
   1.200   -1.800    0.600       0.000000
   1.200   -1.800    1.200       0.000000
   1.200   -1.800    1.800       0.000000
   1.200   -1.800    2.400       0.000000
   1.200   -1.200   -1.800       0.000041
   1.200   -1.200   -1.200       0.000041
   1.200   -1.200   -0.600       0.000000
   1.200   -1.200   -0.000       0.000000
   1.200   -1.200    0.600       0.000000
   1.200   -1.200    1.200       0.000000
   1.200   -1.200    1.800       0.000000
   1.200   -1.200    2.400       0.000000
   1.200   -0.600   -1.800       0.000047
   1.200   -0.600   -1.200       0.000047
   1.200   -0.600   -0.600       0.000000
   1.200   -0.600   -0.000       0.000000
   1.200   -0.600    0.600       0.000000
   1.200   -0.600    1.200       0.000000
   1.200   -0.600    1.800       0.000000
   1.200   -0.600    2.400       0.000000
   1.200   -0.000   -1.800       0.002801
   1.200   -0.000   -1.200       0.002764
   1.200   -0.000   -0.600       0.000000
   1.200   -0.000   -0.000       0.000000
   1.200   -0.000    0.600       0.000000
   1.200   -0.000    1.200       0.000000
   1.200   -0.000    1.800       0.000000
   1.200   -0.000    2.400       0.000000
   1.200    0.600   -1.800       0.000000
   1.200    0.600   -1.200       0.000000
   1.200    0.600   -0.600       0.017276
   1.200    0.600   -0.000       0.061849
   1.200    0.600    0.600       0.000000
   1.200    0.600    1.200       0.000000
   1.200    0.600    1.800       0.000000
   1.200    0.600    2.400       0.000000
   1.200    1.200   -1.800       0.000000
   1.200    1.200   -1.200       0.000000
   1.200    1.200   -0.600       0.001639
   1.200    1.200   -0.000       0.005869
   1.200    1.200    0.600       0.000000
   1.200    1.200    1.200       0.000000
   1.200    1.200    1.800       0.000000
   1.200    1.200    2.400       0.000000
   1.200    1.800   -1.800       0.000000
   1.200    1.800   -1.200       0.000000
   1.200    1.800   -0.600       0.000000
   1.200    1.800   -0.000       0.000000
   1.200    1.800    0.600       0.000000
   1.200    1.800    1.200       0.000000
   1.200    1.800    1.800       0.000000
   1.200    1.800    2.400       0.000000
   1.200    2.400   -1.800       0.000000
   1.200    2.400   -1.200       0.000000
   1.200    2.400   -0.600       0.000000
   1.200    2.400   -0.000       0.000000
   1.200    2.400    0.600       0.000000
   1.200    2.400    1.200       0.000000
   1.200    2.400    1.800       0.000000
   1.200    2.400    2.400       0.000000
   1.800   -1.800   -1.800       0.000000
   1.800   -1.800   -1.200       0.000000
   1.800   -1.800   -0.600       0.000000
   1.800   -1.800   -0.000       0.000000
   1.800   -1.800    0.600       0.000000
   1.800   -1.800    1.200       0.000000
   1.800   -1.800    1.800       0.000000
   1.800   -1.800    2.400       0.000000
   1.800   -1.200   -1.800       0.000000
   1.800   -1.200   -1.200       0.000000
   1.800   -1.200   -0.600       0.000000
   1.800   -1.200   -0.000       0.000000
   1.800   -1.200    0.600       0.000000
   1.800   -1.200    1.200       0.000000
   1.800   -1.200    1.800       0.000000
   1.800   -1.200    2.400       0.000000
   1.800   -0.600   -1.800       0.000000
   1.800   -0.600   -1.200       0.000000
   1.800   -0.600   -0.600       0.000000
   1.800   -0.600   -0.000       0.000000
   1.800   -0.600    0.600       0.000000
   1.800   -0.600    1.200       0.000000
   1.800   -0.600    1.800       0.000000
   1.800   -0.600    2.400       0.000000
   1.800   -0.000   -1.800       0.000000
   1.800   -0.000   -1.200       0.000000
   1.800   -0.000   -0.600       0.000000
   1.800   -0.000   -0.000       0.000000
   1.800   -0.000    0.600       0.000000
   1.800   -0.000    1.200       0.000000
   1.800   -0.000    1.800       0.000000
   1.800   -0.000    2.400       0.000000
   1.800    0.600   -1.800       0.000000
   1.800    0.600   -1.200       0.000000
   1.800    0.600   -0.600       0.000000
   1.800    0.600   -0.000       0.000000
   1.800    0.600    0.600       0.000000
   1.800    0.600    1.200       0.000000
   1.800    0.600    1.800       0.000000
   1.800    0.600    2.400       0.000000
   1.800    1.200   -1.800       0.000000
   1.800    1.200   -1.200       0.000000
   1.800    1.200   -0.600       0.000000
   1.800    1.200   -0.000       0.000000
   1.800    1.200    0.600       0.000000
   1.800    1.200    1.200       0.000000
   1.800    1.200    1.800       0.000000
   1.800    1.200    2.400       0.000000
   1.800    1.800   -1.800       0.000000
   1.800    1.800   -1.200       0.000000
   1.800    1.800   -0.600       0.000000
   1.800    1.800   -0.000       0.000000
   1.800    1.800    0.600       0.000000
   1.800    1.800    1.200       0.000000
   1.800    1.800    1.800       0.000000
   1.800    1.800    2.400       0.000000
   1.800    2.400   -1.800       0.000000
   1.800    2.400   -1.200       0.000000
   1.800    2.400   -0.600       0.000000
   1.800    2.400   -0.000       0.000000
   1.800    2.400    0.600       0.000000
   1.800    2.400    1.200       0.000000
   1.800    2.400    1.800       0.000000
   1.800    2.400    2.400       0.000000
   2.400   -1.800   -1.800       0.000000
   2.400   -1.800   -1.200       0.000000
   2.400   -1.800   -0.600       0.000000
   2.400   -1.800   -0.000       0.000000
   2.400   -1.800    0.600       0.000000
   2.400   -1.800    1.200       0.000000
   2.400   -1.800    1.800       0.000000
   2.400   -1.800    2.400       0.000000
   2.400   -1.200   -1.800       0.000000
   2.400   -1.200   -1.200       0.000000
   2.400   -1.200   -0.600       0.000000
   2.400   -1.200   -0.000       0.000000
   2.400   -1.200    0.600       0.000000
   2.400   -1.200    1.200       0.000000
   2.400   -1.200    1.800       0.000000
   2.400   -1.200    2.400       0.000000
   2.400   -0.600   -1.800       0.000000
   2.400   -0.600   -1.200       0.000000
   2.400   -0.600   -0.600       0.000000
   2.400   -0.600   -0.000       0.000000
   2.400   -0.600    0.600       0.000000
   2.400   -0.600    1.200       0.000000
   2.400   -0.600    1.800       0.000000
   2.400   -0.600    2.400       0.000000
   2.400   -0.000   -1.800       0.000000
   2.400   -0.000   -1.200       0.000000
   2.400   -0.000   -0.600       0.000000
   2.400   -0.000   -0.000       0.000000
   2.400   -0.000    0.600       0.000000
   2.400   -0.000    1.200       0.000000
   2.400   -0.000    1.800       0.000000
   2.400   -0.000    2.400       0.000000
   2.400    0.600   -1.800       0.000000
   2.400    0.600   -1.200       0.000000
   2.400    0.600   -0.600       0.000000
   2.400    0.600   -0.000       0.000000
   2.400    0.600    0.600       0.000000
   2.400    0.600    1.200       0.000000
   2.400    0.600    1.800       0.000000
   2.400    0.600    2.400       0.000000
   2.400    1.200   -1.800       0.000000
   2.400    1.200   -1.200       0.000000
   2.400    1.200   -0.600       0.000000
   2.400    1.200   -0.000       0.000000
   2.400    1.200    0.600       0.000000
   2.400    1.200    1.200       0.000000
   2.400    1.200    1.800       0.000000
   2.400    1.200    2.400       0.000000
   2.400    1.800   -1.800       0.000000
   2.400    1.800   -1.200       0.000000
   2.400    1.800   -0.600       0.000000
   2.400    1.800   -0.000       0.000000
   2.400    1.800    0.600       0.000000
   2.400    1.800    1.200       0.000000
   2.400    1.800    1.800       0.000000
   2.400    1.800    2.400       0.000000
   2.400    2.400   -1.800       0.000000
   2.400    2.400   -1.200       0.000000
   2.400    2.400   -0.600       0.000000
   2.400    2.400   -0.000       0.000000
   2.400    2.400    0.600       0.000000
   2.400    2.400    1.200       0.000000
   2.400    2.400    1.800       0.000000
   2.400    2.400    2.400       0.000000
