 0.000398632000
 0.000027094333
 0.000428062000
 0.001190055667
 0.002023115000
 0.001459543000
 0.000104697333
-0.000331522333
-0.000835676667
-0.001671414667
-0.000046885667
 0.001123039000
 0.000993247333
 0.000453030333
-0.000029887000
-0.000153406667
-0.000360599000
-0.001624106667
 0.000183242667
 0.001319501333
 0.000900870000
 0.000385380667
 0.000089730667
 0.000024466000
 0.000214711333
-0.000883156333
 0.000017566333
 0.000735334667
 0.000594518000
 0.000313841667
 0.000148594333
 0.000111069000
-0.002429358000
-0.001658114667
-0.000596427000
 0.000043142667
 0.000206135333
 0.000174623000
 0.000130745667
 0.000128462333
-0.005020899333
-0.002567422667
-0.001032187667
-0.000329713333
-0.000046219667
 0.000049257667
 0.000083075333
 0.000109895333
-0.003509489333
-0.002096845333
-0.001000892333
-0.000438345000
-0.000168701667
-0.000037121667
 0.000034947333
 0.000082555000
-0.001584603667
-0.001187838667
-0.000726388333
-0.000423834000
-0.000238705000
-0.000108773667
-0.000010031333
 0.000061184667
 0.000014668333
-0.000875889000
 0.000071735333
 0.001175390333
 0.001113395333
-0.000676300333
-0.002489237000
-0.001936568000
-0.007274458000
-0.014805878000
-0.000796133333
 0.003470516333
 0.001341719667
-0.000181832667
-0.000985449000
-0.000906390000
-0.003932172000
-0.012427387333
 0.005230507333
 0.008038954667
 0.002028943000
 0.000369091333
-0.000200791000
-0.000294807000
 0.004754555667
-0.002368692667
 0.001342746000
 0.002865956667
 0.001272364333
 0.000415630000
 0.000068285667
-0.000034033667
-0.007984931667
-0.003310852000
-0.000755730333
 0.000345506333
 0.000409846000
 0.000236085667
 0.000109051000
 0.000056103667
-0.029516200667
-0.005679824667
-0.001560467000
-0.000376513333
-0.000004844333
 0.000079204000
 0.000082798000
 0.000079110667
-0.009528905333
-0.003848774000
-0.001427768333
-0.000523595667
-0.000158586333
-0.000009274667
 0.000052825667
 0.000082591667
-0.002652003667
-0.001781316667
-0.000956883667
-0.000473760000
-0.000208649667
-0.000057353000
 0.000033181333
 0.000087510000
 0.010057056333
 0.021612390333
 0.001478479333
 0.001074488000
-0.000694865000
-0.006114060333
-0.011213309333
-0.005159370000
-0.021189639000
-0.033000000000
-0.001733091333
 0.006495802667
 0.001291180000
-0.001273637667
-0.002457975333
-0.001846091333
-0.014985727667
-0.033000000000
 0.033000000000
 0.029045331333
 0.002789176000
 0.000227477667
-0.000517563333
-0.000608404000
 0.010010995667
-0.004303169000
 0.003050715000
 0.004983331667
 0.001668734333
 0.000441759333
-0.000016168667
-0.000174986333
-0.008887613333
-0.003607615333
-0.000682603333
 0.000565870667
 0.000535093333
 0.000274515000
 0.000087843333
-0.000014259667
-0.033000000000
-0.006190149000
-0.001564233000
-0.000305499333
 0.000066629333
 0.000124789333
 0.000093577333
 0.000054042667
-0.010761762000
-0.004016153333
-0.001394997667
-0.000450816667
-0.000081423667
 0.000053248333
 0.000089687333
 0.000091624667
-0.002574780333
-0.001720903000
-0.000873703000
-0.000374109333
-0.000105497000
 0.000031442000
 0.000095563333
 0.000122404667
 0.012294250333
 0.025039216667
 0.002593187333
 0.000923561000
-0.001034968000
-0.007965933000
-0.016359927667
-0.005816548667
-0.004970923667
-0.011581173000
-0.001267645667
 0.002244906000
 0.000652848000
-0.001388966333
-0.002583085333
-0.001930933000
-0.005767756667
-0.012894791333
 0.000434637000
 0.004318975000
 0.001538504333
 0.000141822667
-0.000520540333
-0.000712008333
 0.000426538667
-0.002755090000
 0.000335840667
 0.001970183000
 0.001095415000
 0.000374588000
-0.000045055333
-0.000289390667
-0.002622367000
-0.002001480000
-0.000520982000
 0.000379486333
 0.000466925667
 0.000281388333
 0.000077544667
-0.000090459667
-0.006464282000
-0.002881697333
-0.000959163667
-0.000126502333
 0.000164803667
 0.000193979667
 0.000122082667
 0.000030100000
-0.003839152000
-0.002117350333
-0.000836681667
-0.000202855667
 0.000076299333
 0.000162359333
 0.000152401333
 0.000109811333
-0.001171493667
-0.000922588667
-0.000453959000
-0.000116604667
 0.000077292333
 0.000162377000
 0.000179297667
 0.000165792000
 0.002522558333
 0.002746766333
 0.001615141333
 0.001341192000
 0.001085451667
-0.000092114000
-0.001064759000
-0.000759050667
 0.000026421333
-0.000491083000
 0.000368011667
 0.001191674333
 0.001131821667
 0.000440033000
-0.000392950000
-0.000838537000
-0.000805624667
-0.001606968333
-0.000108589667
 0.001047982000
 0.000994506667
 0.000511380333
-0.000074989000
-0.000638078333
-0.000297644667
-0.000852358000
-0.000062284333
 0.000667364333
 0.000698016333
 0.000408690667
 0.000014653667
-0.000428305667
-0.000771923667
-0.000757368000
-0.000203234667
 0.000294650333
 0.000444284333
 0.000334501333
 0.000096570000
-0.000192732667
-0.001355696000
-0.000927984333
-0.000314015000
 0.000143470667
 0.000350461000
 0.000333134000
 0.000189158667
 0.000008256667
-0.000868576667
-0.000627367333
-0.000189276667
 0.000165442333
 0.000351750000
 0.000359279000
 0.000263065333
 0.000145076333
 0.000089193000
-0.000012011000
 0.000098782000
 0.000253814333
 0.000357819000
 0.000362704667
 0.000300676667
 0.000225041333
 0.001253996667
 0.001272159667
 0.001483768667
 0.002441702667
 0.004953624667
 0.007563928000
 0.006058694000
 0.002138028000
 0.000633033667
 0.000579068333
 0.000941173667
 0.001725060333
 0.002874453000
 0.003346000667
 0.001897378000
-0.000078125333
 0.000201029667
 0.000078981667
 0.000452885000
 0.000994477333
 0.001358403667
 0.001236530000
 0.000457802333
-0.000801139667
 0.000022957000
-0.000077062333
 0.000202914333
 0.000573799333
 0.000735468667
 0.000575932667
 0.000093961667
-0.000717838333
-0.000185657000
-0.000175631667
 0.000088824000
 0.000434113667
 0.000606261333
 0.000490594000
 0.000154024333
-0.000332679667
-0.000270985000
-0.000181738333
 0.000114855000
 0.000538671333
 0.000776486333
 0.000644202667
 0.000333783333
 0.000006856000
 0.000099121000
 0.000097493333
 0.000301215667
 0.000712532667
 0.000956882333
 0.000781835667
 0.000469841000
 0.000215862000
 0.000992961000
 0.000733802333
 0.000614043667
 0.000745200667
 0.000858203000
 0.000720685000
 0.000491606667
 0.000311381333
 0.001039797000
 0.001052939667
 0.001579552333
 0.003672179000
 0.014517074000
 0.033000000000
 0.009871854000
 0.001354940333
 0.000656602667
 0.000706921000
 0.001135886667
 0.002357252667
 0.005402207000
 0.007784688333
 0.003171480000
-0.000460443000
 0.000339600333
 0.000360192000
 0.000633453000
 0.001159695333
 0.001763965667
 0.001729070333
 0.000568431000
-0.001337737667
 0.000108211333
 0.000104380333
 0.000294171667
 0.000612733000
 0.000826415333
 0.000677736333
 0.000099604333
-0.001060070667
-0.000062879000
-0.000073493667
 0.000138571333
 0.000606348000
 0.000919032333
 0.000734832000
 0.000258442333
-0.000410679000
-0.000058392000
-0.000115861000
 0.000198307000
 0.001295032000
 0.002012813333
 0.001348567667
 0.000596258333
 0.000074797000
 0.000397628000
 0.000177822667
 0.000442129667
 0.002160687333
 0.003315654000
 0.001894293333
 0.000829757333
 0.000338146667
 0.001686905667
 0.001134599333
 0.000815184000
 0.001570869333
 0.002195713333
 0.001468203667
 0.000774222000
 0.000423963667
 0.000842055333
 0.000807980000
 0.001319406000
 0.003245001000
 0.013132629000
 0.033000000000
 0.002189916000
-0.003285091000
 0.000449443667
 0.000533271333
 0.000938613000
 0.002018387667
 0.004550504667
 0.005415280667
-0.001067866667
-0.002065883000
 0.000192533333
 0.000251911333
 0.000487698667
 0.000922426333
 0.001334277667
 0.000907604000
-0.000391944000
-0.000967214333
-0.000012178667
-0.000030527000
 0.000103668000
 0.000414275667
 0.000650037333
 0.000495344333
 0.000039951333
-0.000699939333
-0.000203943667
-0.000390388000
-0.000321547333
 0.000422219667
 0.001119631000
 0.000907078000
 0.000398655667
-0.000176981667
-0.000263270333
-0.000840921000
-0.000949298667
 0.002456338000
 0.005684109333
 0.002462178667
 0.000882295333
 0.000253273333
 0.000193304667
-0.000867637000
-0.001496005667
 0.009537869000
 0.029051977667
 0.004453952333
 0.001212551667
 0.000482662667
 0.001728740333
 0.000559008000
-0.000690365667
 0.002592227667
 0.006516338667
 0.002639906667
 0.001018931000
 0.000522723000
 0.033000000000
 0.033000000000
 0.033000000000
 0.033000000000
 0.033000000000
 0.033000000000
 0.033000000000
 0.033000000000
 0.033000000000
 0.033000000000
 0.033000000000
 0.033000000000
 0.033000000000
 0.033000000000
 0.033000000000
 0.033000000000
 0.033000000000
 0.033000000000
 0.033000000000
 0.033000000000
 0.033000000000
 0.033000000000
 0.033000000000
 0.033000000000
 0.033000000000
 0.033000000000
 0.033000000000
 0.033000000000
 0.033000000000
 0.033000000000
 0.033000000000
 0.033000000000
 0.033000000000
 0.033000000000
 0.033000000000
 0.033000000000
 0.016024613667
 0.033000000000
 0.033000000000
 0.033000000000
 0.033000000000
 0.033000000000
 0.033000000000
 0.033000000000
 0.006387514333
 0.028340056667
 0.033000000000
 0.033000000000
 0.033000000000
 0.033000000000
 0.033000000000
 0.030119262667
 0.002956943333
 0.009402162333
 0.033000000000
 0.033000000000
 0.033000000000
 0.033000000000
 0.033000000000
 0.033000000000
 0.012089504000
 0.005769840000
 0.014564510333
 0.033000000000
 0.033000000000
 0.033000000000
 0.033000000000
 0.033000000000
 0.033000000000
 0.033000000000
 0.033000000000
 0.033000000000
 0.033000000000
 0.033000000000
 0.033000000000
 0.033000000000
 0.033000000000
 0.033000000000
 0.033000000000
 0.033000000000
 0.033000000000
 0.033000000000
 0.033000000000
 0.033000000000
 0.033000000000
 0.033000000000
 0.033000000000
 0.033000000000
 0.033000000000
 0.033000000000
 0.033000000000
 0.033000000000
 0.033000000000
 0.033000000000
 0.033000000000
 0.033000000000
 0.033000000000
 0.033000000000
 0.033000000000
 0.033000000000
 0.030657183333
 0.014715499000
 0.033000000000
 0.033000000000
 0.033000000000
 0.033000000000
 0.033000000000
 0.033000000000
 0.009329443667
 0.005711305333
 0.033000000000
 0.033000000000
 0.033000000000
 0.033000000000
 0.033000000000
 0.033000000000
 0.003538314333
 0.001204773333
 0.012122543667
 0.033000000000
 0.033000000000
 0.033000000000
 0.033000000000
 0.031708347667
 0.006151288333
 0.001574427000
 0.003306252000
 0.018847707000
 0.033000000000
 0.033000000000
 0.033000000000
 0.033000000000
 0.033000000000
 0.033000000000
 0.033000000000
 0.033000000000
 0.033000000000
 0.033000000000
 0.033000000000
 0.033000000000
 0.033000000000
 0.033000000000
 0.033000000000
 0.033000000000
 0.033000000000
 0.033000000000
 0.033000000000
 0.033000000000
 0.033000000000
 0.033000000000
 0.033000000000
 0.033000000000
 0.033000000000
 0.033000000000
 0.033000000000
 0.033000000000
 0.033000000000
 0.033000000000
 0.033000000000
 0.033000000000
 0.033000000000
 0.033000000000
 0.033000000000
 0.033000000000
 0.033000000000
 0.005787177333
 0.012817507667
 0.033000000000
 0.033000000000
 0.033000000000
 0.033000000000
 0.033000000000
 0.010188589000
 0.000359247000
 0.003798116667
 0.016536321667
 0.033000000000
 0.033000000000
 0.033000000000
 0.033000000000
 0.003217963000
-0.001130123667
 0.000509189333
 0.008583179333
 0.033000000000
 0.033000000000
 0.033000000000
 0.025467635000
 0.002742656000
-0.000432361000
 0.000493022333
 0.016974081333
 0.033000000000
 0.033000000000
 0.033000000000
 0.033000000000
 0.033000000000
 0.033000000000
 0.033000000000
 0.033000000000
 0.033000000000
 0.033000000000
 0.033000000000
 0.033000000000
 0.033000000000
 0.033000000000
 0.033000000000
 0.033000000000
 0.033000000000
 0.033000000000
 0.033000000000
 0.033000000000
 0.033000000000
 0.033000000000
 0.033000000000
 0.033000000000
 0.033000000000
 0.033000000000
 0.033000000000
 0.033000000000
 0.033000000000
 0.033000000000
 0.033000000000
 0.033000000000
 0.033000000000
 0.033000000000
 0.033000000000
 0.033000000000
 0.028086975333
 0.004354012667
 0.003675971333
 0.007210561000
 0.033000000000
 0.033000000000
 0.033000000000
 0.033000000000
 0.006144799667
-0.000876918000
-0.000902905333
 0.001335251333
 0.033000000000
 0.033000000000
 0.033000000000
 0.033000000000
 0.001510282000
-0.001721905333
-0.001401858000
 0.003074207000
 0.033000000000
 0.033000000000
 0.033000000000
 0.017186284667
 0.001390344667
-0.001230212667
-0.000409575667
 0.014801458333
 0.033000000000
 0.033000000000
 0.033000000000
 0.033000000000
 0.033000000000
 0.033000000000
 0.033000000000
 0.033000000000
 0.033000000000
 0.033000000000
 0.033000000000
 0.033000000000
 0.033000000000
 0.033000000000
 0.033000000000
 0.033000000000
 0.033000000000
 0.033000000000
 0.033000000000
 0.033000000000
 0.033000000000
 0.033000000000
 0.033000000000
 0.033000000000
 0.033000000000
 0.033000000000
 0.033000000000
 0.033000000000
 0.033000000000
 0.033000000000
 0.033000000000
 0.033000000000
 0.033000000000
 0.033000000000
 0.033000000000
 0.033000000000
 0.015241864333
 0.008344472667
 0.009095324333
 0.022135935667
 0.033000000000
 0.033000000000
 0.033000000000
 0.027127544667
 0.003582027333
-0.000281469000
-0.000419348000
 0.002442003000
 0.033000000000
 0.033000000000
 0.033000000000
 0.021015577000
 0.003185167333
-0.000907840333
-0.001532511333
 0.000999785667
 0.033000000000
 0.033000000000
 0.033000000000
 0.033000000000
 0.006581954667
-0.000328029667
-0.000891650333
 0.007282361000
 0.033000000000
 0.033000000000
 0.033000000000
 0.033000000000
 0.033000000000
 0.033000000000
 0.033000000000
 0.033000000000
 0.033000000000
 0.033000000000
 0.033000000000
 0.033000000000
 0.033000000000
 0.033000000000
 0.033000000000
 0.033000000000
 0.033000000000
 0.033000000000
 0.033000000000
 0.033000000000
 0.033000000000
 0.033000000000
 0.033000000000
 0.033000000000
 0.033000000000
 0.033000000000
 0.033000000000
 0.033000000000
 0.033000000000
 0.033000000000
 0.033000000000
 0.033000000000
 0.033000000000
 0.033000000000
 0.033000000000
 0.032829539000
 0.025489049667
 0.026596423333
 0.033000000000
 0.033000000000
 0.033000000000
 0.033000000000
 0.033000000000
 0.033000000000
 0.023309179667
 0.007027840000
 0.004250557333
 0.015631902333
 0.033000000000
 0.033000000000
 0.033000000000
 0.033000000000
 0.033000000000
 0.008857567000
 0.000474228333
 0.000935947333
 0.033000000000
 0.033000000000
 0.033000000000
 0.033000000000
 0.033000000000
 0.009126126333
 0.000531685333
 0.001982280000
 0.033000000000
 0.033000000000
 0.033000000000
 0.033000000000
 0.033000000000
 0.033000000000
 0.033000000000
 0.033000000000
 0.033000000000
 0.033000000000
 0.033000000000
 0.033000000000
 0.033000000000
 0.033000000000
 0.033000000000
 0.033000000000
 0.033000000000
 0.033000000000
 0.033000000000
 0.033000000000
 0.033000000000
 0.033000000000
 0.033000000000
 0.033000000000
 0.033000000000
 0.033000000000
 0.033000000000
 0.033000000000
 0.033000000000
 0.033000000000
 0.033000000000
 0.033000000000
 0.033000000000
 0.033000000000
 0.033000000000
 0.033000000000
 0.033000000000
 0.033000000000
 0.033000000000
 0.033000000000
 0.033000000000
 0.033000000000
 0.033000000000
 0.033000000000
 0.033000000000
 0.033000000000
 0.019884726333
 0.033000000000
 0.033000000000
 0.033000000000
 0.033000000000
 0.033000000000
 0.033000000000
 0.033000000000
 0.012999943000
 0.004266990667
 0.033000000000
 0.033000000000
 0.033000000000
 0.033000000000
 0.033000000000
 0.033000000000
 0.011353463000
 0.001872745333
 0.033000000000
 0.033000000000
 0.033000000000
 0.033000000000
 0.033000000000
 0.033000000000
 0.033000000000
 0.033000000000
 0.033000000000
 0.033000000000
 0.033000000000
 0.033000000000
 0.033000000000
 0.033000000000
 0.033000000000
 0.033000000000
 0.033000000000
 0.033000000000
 0.033000000000
 0.033000000000
 0.033000000000
 0.033000000000
 0.033000000000
 0.033000000000
 0.029821082333
 0.033000000000
 0.033000000000
 0.033000000000
 0.033000000000
 0.033000000000
 0.033000000000
 0.033000000000
 0.033000000000
 0.033000000000
 0.033000000000
 0.033000000000
 0.033000000000
 0.033000000000
 0.033000000000
 0.033000000000
 0.033000000000
 0.033000000000
 0.033000000000
 0.033000000000
 0.033000000000
 0.033000000000
 0.033000000000
 0.033000000000
 0.033000000000
 0.033000000000
 0.033000000000
 0.033000000000
 0.033000000000
 0.033000000000
 0.033000000000
 0.012040570667
 0.033000000000
 0.033000000000
 0.033000000000
 0.033000000000
 0.033000000000
 0.033000000000
 0.033000000000
 0.007734655000
 0.033000000000
 0.033000000000
 0.033000000000
 0.033000000000
 0.033000000000
 0.033000000000
 0.033000000000
 0.033000000000
 0.033000000000
 0.033000000000
 0.033000000000
 0.033000000000
 0.033000000000
 0.033000000000
 0.033000000000
 0.033000000000
 0.033000000000
 0.033000000000
 0.033000000000
 0.033000000000
 0.026193585000
 0.033000000000
 0.033000000000
 0.033000000000
 0.033000000000
 0.033000000000
 0.033000000000
 0.033000000000
 0.010795970667
 0.025405359000
 0.033000000000
 0.033000000000
 0.033000000000
 0.033000000000
 0.033000000000
 0.029831672333
 0.002934596333
 0.015318915333
 0.033000000000
 0.033000000000
 0.033000000000
 0.033000000000
 0.033000000000
 0.014029368000
 0.000338131333
 0.007412461000
 0.033000000000
 0.033000000000
 0.033000000000
 0.033000000000
 0.033000000000
 0.006460459333
-0.000604719000
 0.001564908333
 0.023478771333
 0.033000000000
 0.033000000000
 0.033000000000
 0.033000000000
 0.009257184667
 0.001899469000
 0.000196691333
 0.002992269333
 0.017025126333
 0.033000000000
 0.033000000000
 0.033000000000
 0.033000000000
 0.033000000000
 0.033000000000
 0.033000000000
 0.033000000000
 0.033000000000
 0.033000000000
 0.033000000000
 0.033000000000
 0.033000000000
 0.033000000000
 0.033000000000
 0.033000000000
 0.033000000000
 0.033000000000
 0.033000000000
 0.033000000000
 0.033000000000
 0.033000000000
 0.033000000000
 0.033000000000
 0.033000000000
 0.033000000000
 0.033000000000
 0.033000000000
 0.033000000000
 0.009163662667
 0.033000000000
 0.033000000000
 0.033000000000
 0.033000000000
 0.033000000000
 0.033000000000
 0.006943080000
 0.002808412000
 0.026473477333
 0.033000000000
 0.033000000000
 0.033000000000
 0.033000000000
 0.033000000000
 0.001025837667
 0.000376133000
 0.010806413667
 0.033000000000
 0.033000000000
 0.033000000000
 0.033000000000
 0.017435820333
-0.000511645333
-0.000895415000
 0.002442832333
 0.015341307333
 0.033000000000
 0.033000000000
 0.033000000000
 0.006884885667
 0.000149918667
-0.000945088000
-0.000380911333
 0.004248966000
 0.033000000000
 0.033000000000
 0.033000000000
 0.033000000000
 0.033000000000
 0.033000000000
 0.033000000000
 0.033000000000
 0.033000000000
 0.033000000000
 0.033000000000
 0.033000000000
 0.033000000000
 0.033000000000
 0.033000000000
 0.033000000000
 0.033000000000
 0.033000000000
 0.033000000000
 0.033000000000
 0.033000000000
 0.033000000000
 0.033000000000
 0.033000000000
 0.033000000000
 0.033000000000
 0.033000000000
 0.033000000000
 0.033000000000
 0.007974950000
 0.013715102000
 0.033000000000
 0.033000000000
 0.033000000000
 0.033000000000
 0.033000000000
 0.009678846000
 0.000033276667
 0.002256675000
 0.012149297333
 0.033000000000
 0.033000000000
 0.033000000000
 0.033000000000
 0.001230102333
-0.001209967667
-0.000146679667
 0.003614994000
 0.033000000000
 0.033000000000
 0.033000000000
 0.019212733333
-0.000606016333
-0.001535352667
-0.001033592000
 0.001248390667
 0.033000000000
 0.033000000000
 0.033000000000
 0.004975745000
-0.000784322667
-0.001432160667
-0.001116849333
 0.003815141667
 0.033000000000
 0.033000000000
 0.033000000000
 0.033000000000
 0.033000000000
 0.033000000000
 0.033000000000
 0.033000000000
 0.033000000000
 0.033000000000
 0.033000000000
 0.033000000000
 0.033000000000
 0.033000000000
 0.033000000000
 0.033000000000
 0.033000000000
 0.033000000000
 0.033000000000
 0.033000000000
 0.033000000000
 0.033000000000
 0.033000000000
 0.033000000000
 0.033000000000
 0.033000000000
 0.033000000000
 0.033000000000
 0.033000000000
 0.010588567333
 0.011234028000
 0.009513769000
 0.033000000000
 0.033000000000
 0.033000000000
 0.033000000000
 0.006125473333
-0.000417403667
-0.000584337667
 0.000326852667
 0.033000000000
 0.033000000000
 0.033000000000
 0.021804947000
 0.000105183667
-0.001572470000
-0.001536509333
-0.001004632333
 0.033000000000
 0.033000000000
 0.033000000000
 0.008527601000
-0.001069310333
-0.001695973667
-0.001556927000
-0.000338366000
 0.033000000000
 0.033000000000
 0.033000000000
 0.002843667000
-0.001123001333
-0.001615153667
-0.001315633667
 0.003243514000
 0.033000000000
 0.033000000000
 0.033000000000
 0.033000000000
 0.033000000000
 0.033000000000
 0.033000000000
 0.033000000000
 0.033000000000
 0.033000000000
 0.033000000000
 0.033000000000
 0.033000000000
 0.033000000000
 0.033000000000
 0.033000000000
 0.033000000000
 0.033000000000
 0.033000000000
 0.033000000000
 0.033000000000
 0.033000000000
 0.033000000000
 0.033000000000
 0.033000000000
 0.033000000000
 0.033000000000
 0.033000000000
 0.026155008000
 0.026703294667
 0.023139303000
 0.028403277333
 0.033000000000
 0.033000000000
 0.033000000000
 0.020762143333
 0.002480765000
 0.000716415000
 0.000819216333
 0.004114676667
 0.033000000000
 0.033000000000
 0.033000000000
 0.005479310333
-0.000665177667
-0.001504907000
-0.001510619667
-0.000846554333
 0.033000000000
 0.033000000000
 0.033000000000
 0.003943801667
-0.000670775667
-0.001563287333
-0.001654521667
-0.000988087000
 0.033000000000
 0.033000000000
 0.033000000000
 0.010967574000
 0.000337532333
-0.001424720667
-0.001479161333
 0.000933403333
 0.033000000000
 0.033000000000
 0.033000000000
 0.033000000000
 0.033000000000
 0.033000000000
 0.033000000000
 0.033000000000
 0.033000000000
 0.033000000000
 0.033000000000
 0.033000000000
 0.033000000000
 0.033000000000
 0.033000000000
 0.033000000000
 0.033000000000
 0.033000000000
 0.033000000000
 0.033000000000
 0.033000000000
 0.033000000000
 0.033000000000
 0.033000000000
 0.033000000000
 0.033000000000
 0.033000000000
 0.033000000000
 0.033000000000
 0.033000000000
 0.033000000000
 0.033000000000
 0.033000000000
 0.033000000000
 0.018887175000
 0.007146027000
 0.005518019000
 0.006040826333
 0.008123945333
 0.033000000000
 0.033000000000
 0.033000000000
 0.020828478000
 0.012521040667
 0.004757889000
 0.000306299333
-0.000456391000
 0.002521434333
 0.033000000000
 0.033000000000
 0.033000000000
 0.030187357667
 0.009916208000
 0.000945662667
-0.001285219667
-0.001174740333
 0.033000000000
 0.033000000000
 0.033000000000
 0.033000000000
 0.012967837667
 0.001039049667
-0.001225145000
-0.000757028000
 0.033000000000
 0.033000000000
 0.033000000000
 0.033000000000
 0.033000000000
 0.033000000000
 0.033000000000
 0.033000000000
 0.033000000000
 0.033000000000
 0.033000000000
 0.033000000000
 0.033000000000
 0.033000000000
 0.033000000000
 0.033000000000
 0.021337348333
 0.018474900333
 0.033000000000
 0.033000000000
 0.033000000000
 0.033000000000
 0.033000000000
 0.033000000000
 0.014173503333
 0.010385894667
 0.015709386333
 0.033000000000
 0.033000000000
 0.033000000000
 0.033000000000
 0.033000000000
 0.017396876667
 0.022703495667
 0.033000000000
 0.033000000000
 0.029931090333
 0.019299564667
 0.029275964667
 0.033000000000
 0.033000000000
 0.033000000000
 0.033000000000
 0.033000000000
 0.033000000000
 0.017796771333
 0.003624857333
 0.012206595000
 0.033000000000
 0.033000000000
 0.033000000000
 0.033000000000
 0.033000000000
 0.032232599333
 0.001944964667
-0.000490310333
 0.033000000000
 0.033000000000
 0.033000000000
 0.033000000000
 0.033000000000
 0.025793492333
 0.001580294333
-0.000973873667
 0.033000000000
 0.033000000000
 0.033000000000
 0.033000000000
 0.033000000000
 0.033000000000
 0.033000000000
 0.033000000000
 0.033000000000
 0.033000000000
 0.033000000000
 0.033000000000
 0.033000000000
 0.033000000000
 0.033000000000
 0.033000000000
 0.024708467000
 0.010804857000
 0.033000000000
 0.033000000000
 0.033000000000
 0.033000000000
 0.033000000000
 0.033000000000
 0.005904113333
 0.014326206333
 0.033000000000
 0.033000000000
 0.033000000000
 0.033000000000
 0.033000000000
 0.033000000000
 0.032476639000
 0.033000000000
 0.033000000000
 0.033000000000
 0.033000000000
 0.033000000000
 0.033000000000
 0.033000000000
 0.033000000000
 0.033000000000
 0.033000000000
 0.033000000000
 0.033000000000
 0.033000000000
 0.017474030667
 0.026792776000
 0.033000000000
 0.033000000000
 0.033000000000
 0.033000000000
 0.033000000000
 0.033000000000
 0.019758177333
 0.001431180667
 0.033000000000
 0.033000000000
 0.033000000000
 0.033000000000
 0.033000000000
 0.033000000000
 0.015799697000
 0.000463854667
 0.000000000000
 0.000000000000
 0.000000000000
 0.000000000000
 0.000000000000
 0.000000000000
 0.000000000000
 0.000000000000
 0.000000000000
 0.000000000000
 0.000000000000
 0.000000000000
 0.000000000000
 0.000000000000
 0.000000000000
 0.000000000000
 0.000000000000
 0.000000000000
 0.000000000000
 0.000000000000
 0.000000000000
 0.000000000000
 0.000000000000
 0.000000000000
 0.000000000000
 0.000000000000
 0.000000000000
 0.000000000000
 0.000000000000
 0.000000000000
 0.000000000000
 0.000000000000
 0.000000000000
 0.000000000000
 0.000000000000
 0.000000000000
 0.000000000000
 0.000000000000
 0.000000000000
 0.000000000000
 0.000000000000
 0.000000000000
 0.000000000000
 0.000000000000
 0.000000000000
 0.000000000000
 0.000000000000
 0.000000000000
 0.000000000000
 0.000000000000
 0.000000000000
 0.000000000000
 0.000000000000
 0.000000000000
 0.000000000000
 0.000000000000
 0.000000000000
 0.000000000000
 0.000000000000
 0.000000000000
 0.000000000000
 0.000000000000
 0.000000000000
 0.000000000000
 0.000000000000
 0.000000000000
 0.000000000000
 0.000000000000
 0.000000000000
 0.000000000000
 0.000000000000
 0.000000000000
 0.000000000000
 0.000000000000
 0.000000000000
 0.000000000000
 0.000000000000
 0.000000000000
 0.000000000000
 0.000000000000
 0.000000000000
 0.000000000000
 0.000000000000
 0.000000000000
 0.000000000000
 0.000000000000
 0.000000000000
 0.000000000000
 0.000000000000
 0.000000000000
 0.000000000000
 0.000000000000
 0.000000000000
 0.000000000000
 0.000000000000
 0.000000000000
 0.000000000000
 0.000000000000
 0.000000000000
 0.000000000000
 0.000000000000
 0.000000000000
 0.000000000000
 0.000000000000
 0.000000000000
 0.000000000000
 0.000000000000
 0.000000000000
 0.000000000000
 0.000000000000
 0.000000000000
 0.000000000000
 0.000000000000
 0.000000000000
 0.000000000000
 0.000000000000
 0.000000000000
 0.000000000000
 0.000000000000
 0.000000000000
 0.000000000000
 0.000000000000
 0.000000000000
 0.000000000000
 0.000000000000
 0.000000000000
 0.000000000000
 0.000000000000
 0.000000000000
 0.000000000000
 0.000000000000
 0.000000000000
 0.000000000000
 0.000000000000
 0.000000000000
 0.000000000000
 0.000000000000
 0.000000000000
 0.000000000000
 0.000000000000
 0.000000000000
 0.000000000000
 0.000000000000
 0.000000000000
 0.000000000000
 0.000000000000
 0.000000000000
 0.000000000000
 0.000000000000
 0.000000000000
 0.000000000000
 0.000000000000
 0.000000000000
 0.000000000000
 0.000000000000
 0.000000000000
 0.000000000000
 0.000000000000
 0.000000000000
 0.000000000000
 0.000000000000
 0.000000000000
 0.000000000000
 0.000000000000
 0.000000000000
 0.000000000000
 0.000000000000
 0.000000000000
 0.000000000000
 0.000000000000
 0.000000000000
 0.000000000000
 0.000000000000
 0.000000000000
 0.000000000000
 0.000000000000
 0.000000000000
 0.000000000000
 0.000000000000
 0.000000000000
 0.000000000000
 0.000000000000
 0.000000000000
 0.000000000000
 0.000000000000
 0.000000000000
 0.000000000000
 0.000000000000
 0.000000000000
 0.000000000000
 0.000000000000
 0.000000000000
 0.000000000000
 0.000000000000
 0.000000000000
 0.000000000000
 0.000000000000
 0.000000000000
 0.000000000000
 0.000000000000
 0.000000000000
 0.000000000000
 0.000000000000
 0.000000000000
 0.000000000000
 0.000000000000
 0.000000000000
 0.000000000000
 0.000000000000
 0.000000000000
 0.000000000000
 0.000000000000
 0.000000000000
 0.000000000000
 0.000000000000
 0.000000000000
 0.000000000000
 0.000000000000
 0.000000000000
 0.000000000000
 0.000000000000
 0.000000000000
 0.000000000000
 0.000000000000
 0.000000000000
 0.000000000000
 0.000000000000
 0.000000000000
 0.000000000000
 0.000000000000
 0.000000000000
 0.000000000000
 0.000000000000
 0.000000000000
 0.000000000000
 0.000000000000
 0.000000000000
 0.000000000000
 0.000000000000
 0.000000000000
 0.000000000000
 0.000000000000
 0.000000000000
 0.000000000000
 0.000000000000
 0.000000000000
 0.000000000000
 0.000000000000
 0.000000000000
 0.000000000000
 0.000000000000
 0.000000000000
 0.000000000000
 0.000000000000
 0.000000000000
 0.000000000000
 0.000000000000
 0.000000000000
 0.000000000000
 0.000000000000
 0.000000000000
 0.000000000000
 0.000000000000
 0.000000000000
 0.000000000000
 0.000000000000
 0.000000000000
 0.000000000000
 0.000000000000
 0.000000000000
 0.000000000000
 0.000000000000
 0.000000000000
 0.000000000000
 0.000000000000
 0.000000000000
 0.000000000000
 0.000000000000
 0.000000000000
 0.000000000000
 0.000000000000
 0.000000000000
 0.000000000000
 0.000000000000
 0.000000000000
 0.000000000000
 0.000000000000
 0.000000000000
 0.000000000000
 0.000000000000
 0.000000000000
 0.000000000000
 0.000000000000
 0.000000000000
 0.000000000000
 0.000000000000
 0.000000000000
 0.000000000000
 0.000000000000
 0.000000000000
 0.000000000000
 0.000000000000
 0.000000000000
 0.000000000000
 0.000000000000
 0.000000000000
 0.000000000000
 0.000000000000
 0.000000000000
 0.000000000000
 0.000000000000
 0.000000000000
 0.000000000000
 0.000000000000
 0.000000000000
 0.000000000000
 0.000000000000
 0.000000000000
 0.000000000000
 0.000000000000
 0.000000000000
 0.000000000000
 0.000000000000
 0.000000000000
 0.000000000000
 0.000000000000
 0.000000000000
 0.000000000000
 0.000000000000
 0.000000000000
 0.000000000000
 0.000000000000
 0.000000000000
 0.000000000000
 0.000000000000
 0.000000000000
 0.000000000000
 0.000000000000
 0.000000000000
 0.000000000000
 0.000000000000
 0.000000000000
 0.000000000000
 0.000000000000
 0.000000000000
 0.000000000000
 0.000000000000
 0.000000000000
 0.000000000000
 0.000000000000
 0.000000000000
 0.000000000000
 0.000000000000
 0.000000000000
 0.000000000000
 0.000000000000
 0.000000000000
 0.000000000000
 0.000000000000
 0.000000000000
 0.000000000000
 0.000000000000
 0.000000000000
 0.000000000000
 0.000000000000
 0.000000000000
 0.000000000000
 0.000000000000
 0.000000000000
 0.000000000000
 0.000000000000
 0.000000000000
 0.000000000000
 0.000000000000
 0.000000000000
 0.000000000000
 0.000000000000
 0.000000000000
 0.000000000000
 0.000000000000
 0.000000000000
 0.000000000000
 0.000000000000
 0.000000000000
 0.000000000000
 0.000000000000
 0.000000000000
 0.000000000000
 0.000000000000
 0.000000000000
 0.000000000000
 0.000000000000
 0.000000000000
 0.000000000000
 0.000000000000
 0.000000000000
 0.000000000000
 0.000000000000
 0.000000000000
 0.000000000000
 0.000000000000
 0.000000000000
 0.000000000000
 0.000000000000
 0.000000000000
 0.000000000000
 0.000000000000
 0.000000000000
 0.000000000000
 0.000000000000
 0.000000000000
 0.000000000000
 0.000000000000
 0.000000000000
 0.000000000000
 0.000000000000
 0.000000000000
 0.000000000000
 0.000000000000
 0.000000000000
 0.000000000000
 0.000000000000
 0.000000000000
 0.000000000000
 0.000000000000
 0.000000000000
 0.000000000000
 0.000000000000
 0.000000000000
 0.000000000000
 0.000000000000
 0.000000000000
 0.000000000000
 0.000000000000
 0.000000000000
 0.000000000000
 0.000000000000
 0.000000000000
 0.000000000000
 0.000000000000
 0.000000000000
 0.000000000000
 0.000000000000
 0.000000000000
 0.000000000000
 0.000000000000
 0.000000000000
 0.000000000000
 0.000000000000
 0.000000000000
 0.000000000000
 0.000000000000
 0.000000000000
 0.000000000000
 0.000000000000
 0.000000000000
 0.000000000000
 0.000000000000
 0.000000000000
 0.000000000000
 0.000000000000
 0.000000000000
 0.000000000000
 0.000000000000
 0.000000000000
 0.000000000000
 0.000000000000
 0.000000000000
 0.000000000000
 0.000000000000
 0.000000000000
 0.000000000000
 0.000000000000
 0.000000000000
 0.000000000000
 0.000000000000
 0.000000000000
 0.000000000000
 0.000000000000
 0.000000000000
 0.000000000000
 0.000000000000
 0.000000000000
 0.000000000000
 0.000000000000
 0.000000000000
 0.000000000000
 0.000000000000
 0.000000000000
 0.000000000000
 0.000000000000
 0.000000000000
 0.000000000000
 0.000000000000
 0.000000000000
 0.000000000000
 0.000000000000
 0.000000000000
 0.000000000000
 0.000000000000
 0.000000000000
 0.000000000000
 0.000000000000
 0.000000000000
 0.000000000000
 0.000000000000
 0.000000000000
 0.000000000000
 0.000000000000
 0.000000000000
 0.309266190566
 0.000000000000
