 0.004422733667
 0.005384573333
 0.006801477667
 0.006694433000
 0.004140397667
 0.002372573333
 0.001363066000
 0.000618798000
 0.005325131667
 0.005599810667
 0.007507779667
 0.007764889667
 0.004103591000
 0.002074654333
 0.001144317667
 0.000526944000
 0.012833985333
 0.005926598333
 0.005198316667
 0.004717252333
 0.002945778667
 0.001688212333
 0.001021499000
 0.000590103000
 0.017389577000
 0.005145822667
 0.003315742667
 0.002653394000
 0.001933074667
 0.001334613333
 0.000936010333
 0.000664611667
 0.003545312333
 0.002840264333
 0.002173540000
 0.001757478000
 0.001395509667
 0.001089398333
 0.000858661333
 0.000693505000
 0.001356613667
 0.001616599000
 0.001491138000
 0.001289145667
 0.001088645000
 0.000914980000
 0.000778542000
 0.000678824667
 0.001092432000
 0.001170402333
 0.001113005333
 0.000996126000
 0.000874233667
 0.000771156333
 0.000692926333
 0.000637046333
 0.001017863333
 0.000968482333
 0.000880179667
 0.000777238000
 0.000690745333
 0.000634171000
 0.000602704000
 0.000584507667
 0.005257485667
 0.005934259000
 0.005727509667
 0.004839058333
 0.003573055000
 0.002340536000
 0.001128312000
-0.000385823333
 0.004917793333
 0.005064113667
 0.004968015000
 0.004366988333
 0.003214417000
 0.002071661667
 0.001013589667
-0.000189179333
 0.005471039333
 0.004607151333
 0.004031498667
 0.003456779333
 0.002618687333
 0.001782114000
 0.001033815000
 0.000308357333
 0.005039409333
 0.003857508667
 0.003083159667
 0.002562068667
 0.002024701333
 0.001501977333
 0.001035929333
 0.000629141667
 0.003017803000
 0.002695780667
 0.002272594667
 0.001917797333
 0.001582319333
 0.001266526000
 0.000986773333
 0.000754095667
 0.001904519000
 0.001861301333
 0.001686332667
 0.001477403000
 0.001268754000
 0.001075017667
 0.000906041000
 0.000768581000
 0.001490609333
 0.001420874667
 0.001306149000
 0.001168599333
 0.001033452667
 0.000913594667
 0.000813332000
 0.000733363667
 0.001295550333
 0.001167507000
 0.001043249667
 0.000928815000
 0.000836397667
 0.000768953000
 0.000720589333
 0.000683364667
 0.006825838333
 0.008241982333
 0.006727088333
 0.004919341000
 0.003588589333
 0.002404457667
 0.000833919333
-0.002903104667
 0.004950373000
 0.005204460333
 0.004798261333
 0.003998852667
 0.003085691667
 0.002114718333
 0.000817016000
-0.001671606667
 0.004176105000
 0.004057404667
 0.003713769667
 0.003199275000
 0.002565267667
 0.001862081000
 0.001023568667
-0.000097314000
 0.003526392333
 0.003276599000
 0.002928611667
 0.002534930333
 0.002095010333
 0.001625864667
 0.001127494333
 0.000606650000
 0.002765217000
 0.002565511333
 0.002300320667
 0.002011440667
 0.001709807000
 0.001405168000
 0.001107030333
 0.000832531667
 0.002159192667
 0.002004249667
 0.001817871333
 0.001613434333
 0.001406951667
 0.001208266000
 0.001024596000
 0.000865352667
 0.001788944000
 0.001624093333
 0.001466791667
 0.001311954667
 0.001167358667
 0.001037512667
 0.000923857333
 0.000828282333
 0.001564083667
 0.001360484333
 0.001197992667
 0.001067983667
 0.000967484000
 0.000889742000
 0.000827112667
 0.000774539000
 0.007869580000
 0.010067235667
 0.007794727000
 0.005440307667
 0.003951370333
 0.002838849667
 0.001412366000
-0.004551731333
 0.005174138000
 0.005557484000
 0.005114966667
 0.004221195333
 0.003318658333
 0.002451115333
 0.001185292000
-0.002350781667
 0.004026411667
 0.004036200667
 0.003775654333
 0.003294066333
 0.002723482667
 0.002107405333
 0.001303820333
-0.000005912667
 0.003323846333
 0.003193526667
 0.002953792000
 0.002617152000
 0.002229205000
 0.001812599667
 0.001341863000
 0.000792787667
 0.002765399000
 0.002594896333
 0.002374170667
 0.002112978333
 0.001835381333
 0.001553695667
 0.001268158667
 0.000987591333
 0.002315559667
 0.002135009000
 0.001937132000
 0.001728681667
 0.001524627000
 0.001330990333
 0.001149143667
 0.000984928667
 0.002000827000
 0.001795019667
 0.001606472000
 0.001432848667
 0.001279341333
 0.001144901667
 0.001026423333
 0.000923966667
 0.001810521000
 0.001554832667
 0.001352933333
 0.001197498000
 0.001081741333
 0.000992529000
 0.000918937333
 0.000855891333
 0.007293505667
 0.009068407667
 0.008331874333
 0.006135746333
 0.004494856000
 0.003691693333
 0.003802777000
 0.004611568333
 0.005288308333
 0.005872533000
 0.005614342333
 0.004657623667
 0.003732074667
 0.003120625333
 0.002622557333
 0.001052848667
 0.004088965667
 0.004201649333
 0.003997887667
 0.003521507000
 0.002995585667
 0.002543343667
 0.002063088667
 0.001219291667
 0.003387602333
 0.003316558667
 0.003090522000
 0.002759336333
 0.002408136333
 0.002077732667
 0.001734854667
 0.001310984000
 0.002909136333
 0.002764358333
 0.002511885333
 0.002228498667
 0.001962057667
 0.001718609333
 0.001482632667
 0.001240480333
 0.002495281333
 0.002318494333
 0.002070600667
 0.001828305333
 0.001621218667
 0.001442287000
 0.001279212333
 0.001127240333
 0.002167905000
 0.001954843667
 0.001725048333
 0.001523182000
 0.001362037000
 0.001230579333
 0.001117094667
 0.001016806333
 0.002035960000
 0.001750899667
 0.001497464333
 0.001304562667
 0.001169468667
 0.001071005000
 0.000992037000
 0.000924618667
 0.007504565333
 0.012410532000
 0.013867593000
 0.007571144333
 0.005014278333
 0.004589471667
 0.006416518000
 0.013170178000
 0.005464462333
 0.006631834000
 0.006652500667
 0.005226926333
 0.004137524000
 0.003897237000
 0.004606115333
 0.005618521667
 0.004207625667
 0.004436236667
 0.004260732333
 0.003739391667
 0.003251586333
 0.003041725333
 0.003110906000
 0.003066436333
 0.003668012667
 0.003614046667
 0.003283550000
 0.002888863000
 0.002563117333
 0.002351278667
 0.002213759333
 0.002012159667
 0.003474518333
 0.003270504667
 0.002748362333
 0.002330262000
 0.002055142000
 0.001863472000
 0.001704846000
 0.001531162333
 0.003014515333
 0.002759511000
 0.002245109333
 0.001885882000
 0.001671868333
 0.001521282000
 0.001392388333
 0.001266067667
 0.002349695667
 0.002102989667
 0.001773668333
 0.001540068667
 0.001391103333
 0.001280179333
 0.001184251667
 0.001095127667
 0.002222160667
 0.001883730667
 0.001561724333
 0.001344034667
 0.001208604333
 0.001115120333
 0.001040865000
 0.000976472000
 0.007473067000
 0.017570246000
 0.024454835333
 0.008135978667
 0.005036165333
 0.005076181000
 0.008715597000
 0.022537117333
 0.005343152667
 0.006856504000
 0.007041104000
 0.005291926667
 0.004216699333
 0.004430591000
 0.006961525000
 0.013776120667
 0.004237280333
 0.004489228333
 0.004270691000
 0.003723475333
 0.003313667333
 0.003370062000
 0.004093499667
 0.005035897000
 0.004395540000
 0.004203225000
 0.003458645667
 0.002905708333
 0.002600134333
 0.002508814667
 0.002579048000
 0.002595011667
 0.006302170333
 0.005239558000
 0.003153197000
 0.002351494667
 0.002060684333
 0.001929263667
 0.001850711667
 0.001746123667
 0.005872166000
 0.004552382333
 0.002430896667
 0.001812742000
 0.001635030667
 0.001538868333
 0.001454837667
 0.001360253000
 0.002443842000
 0.001972026667
 0.001492489667
 0.001371782333
 0.001329589000
 0.001277153667
 0.001213928333
 0.001144088000
 0.002021148000
 0.001577459333
 0.001321055667
 0.001227873667
 0.001171299667
 0.001115494667
 0.001060448667
 0.001007362333
 0.005764717000
 0.008357786000
 0.008866122667
 0.005733754333
 0.004344017333
 0.004679302333
 0.009320314667
 0.033000000000
 0.004524026333
 0.005318451667
 0.005315481333
 0.004363299333
 0.003757580667
 0.004225161000
 0.007717170333
 0.024361729667
 0.003925221667
 0.004075687333
 0.003794692667
 0.003336373000
 0.003058984000
 0.003254337333
 0.004227588000
 0.005627594000
 0.005241347333
 0.004722032000
 0.003376029000
 0.002720880667
 0.002458998000
 0.002438961000
 0.002597239667
 0.002699435333
 0.022956578000
 0.011526478000
 0.003292027667
 0.002174602667
 0.001949764333
 0.001876938333
 0.001849146000
 0.001787058667
 0.033000000000
 0.011111443000
 0.001744118333
 0.001440198000
 0.001492904667
 0.001483235333
 0.001444141000
 0.001379980333
-0.000733912667
-0.001707755333
-0.000137814333
 0.000861978667
 0.001165254000
 0.001218523667
 0.001199342667
 0.001155073000
 0.000034992667
-0.000397155000
 0.000352205000
 0.000887354667
 0.001054584333
 0.001072797000
 0.001050053000
 0.001016741667
 0.033000000000
 0.033000000000
 0.033000000000
 0.033000000000
 0.033000000000
 0.033000000000
 0.033000000000
 0.033000000000
 0.033000000000
 0.033000000000
 0.033000000000
 0.033000000000
 0.033000000000
 0.033000000000
 0.033000000000
 0.033000000000
 0.033000000000
 0.033000000000
 0.033000000000
 0.033000000000
 0.033000000000
 0.033000000000
 0.033000000000
 0.033000000000
 0.033000000000
 0.033000000000
 0.033000000000
 0.033000000000
 0.033000000000
 0.020189181667
 0.033000000000
 0.033000000000
 0.033000000000
 0.033000000000
 0.033000000000
 0.006356049000
 0.003222829333
 0.004014952667
 0.022146238333
 0.033000000000
 0.033000000000
 0.033000000000
 0.012893674333
 0.000052656333
-0.001009266000
-0.000185205667
 0.005421088667
 0.028247332667
 0.033000000000
 0.027976765000
 0.002193237667
-0.001128778000
-0.001539208000
-0.001285712000
 0.000445625333
 0.007511411667
 0.017194375667
 0.006206996667
 0.003014250333
 0.001042520333
-0.000328765000
-0.000958472667
-0.000648036333
 0.003657745667
 0.033000000000
 0.033000000000
 0.033000000000
 0.033000000000
 0.033000000000
 0.033000000000
 0.033000000000
 0.033000000000
 0.033000000000
 0.033000000000
 0.033000000000
 0.033000000000
 0.033000000000
 0.033000000000
 0.033000000000
 0.033000000000
 0.033000000000
 0.033000000000
 0.017415465000
 0.016534854667
 0.012525334333
 0.015196375667
 0.033000000000
 0.033000000000
 0.033000000000
 0.033000000000
 0.012105861000
 0.003599649333
 0.002147890333
 0.003495212000
 0.018805918667
 0.033000000000
 0.033000000000
 0.033000000000
 0.008018875667
-0.000175154333
-0.000962434333
-0.000370105000
 0.003461733333
 0.014977813333
 0.033000000000
 0.033000000000
 0.002717905333
-0.001237727333
-0.001627555667
-0.001419734667
-0.000325462667
 0.002970221333
 0.033000000000
 0.007225223000
-0.000215694333
-0.001460337667
-0.001666588333
-0.001648532000
-0.001258830333
 0.000809524333
 0.006895752000
 0.003410833667
 0.002108295333
 0.000675301333
-0.000465712000
-0.001065548333
-0.001036754667
 0.002469380000
 0.033000000000
 0.033000000000
 0.033000000000
 0.033000000000
 0.030246119333
 0.033000000000
 0.033000000000
 0.033000000000
 0.033000000000
 0.029383720667
 0.014443703333
 0.006635235333
 0.012174399667
 0.033000000000
 0.033000000000
 0.033000000000
 0.033000000000
 0.012501981667
 0.001685187333
 0.000326429333
 0.002866046333
 0.028717963667
 0.033000000000
 0.033000000000
 0.033000000000
 0.016909141333
 0.000715030333
-0.001193165333
-0.000678655000
 0.004047142000
 0.031146910000
 0.033000000000
 0.033000000000
 0.013791440333
 0.000170618667
-0.001590576000
-0.001627331333
-0.000878320000
 0.001952074667
 0.009127139667
 0.033000000000
 0.005739057000
-0.000751165333
-0.001715722667
-0.001793251667
-0.001682601000
-0.001313255000
-0.000377044333
 0.011442921000
 0.001138498333
-0.001083539333
-0.001603868333
-0.001736592667
-0.001764737333
-0.001660338333
-0.000719271333
 0.005520439667
 0.003171251667
 0.001640834000
 0.000210424667
-0.000750411667
-0.001254251333
-0.001318531667
 0.000904404000
 0.033000000000
 0.033000000000
 0.033000000000
 0.033000000000
 0.033000000000
 0.033000000000
 0.033000000000
 0.033000000000
 0.033000000000
 0.033000000000
 0.026169456667
 0.011718289333
 0.031919629333
 0.033000000000
 0.033000000000
 0.033000000000
 0.033000000000
 0.005200279000
 0.000828148667
 0.000387995667
 0.007786212000
 0.033000000000
 0.033000000000
 0.033000000000
 0.033000000000
 0.003586913667
-0.001211101667
-0.001515346000
 0.000288934000
 0.010230265667
 0.033000000000
 0.033000000000
 0.033000000000
 0.002666966667
-0.001299240000
-0.001776790000
-0.001488102333
-0.000058795333
 0.004431632333
 0.014728678667
 0.018113404000
 0.001436277667
-0.001043938667
-0.001650355333
-0.001767226333
-0.001624004000
-0.001201128333
-0.000436785333
 0.010843749667
 0.003676909333
 0.000493870333
-0.001091988667
-0.001662027000
-0.001799496333
-0.001767952667
-0.001352702333
 0.033000000000
 0.020422215000
 0.007699964667
 0.001398990333
-0.000769388333
-0.001444230000
-0.001569193000
-0.000538784000
 0.033000000000
 0.033000000000
 0.033000000000
 0.033000000000
 0.033000000000
 0.033000000000
 0.033000000000
 0.033000000000
 0.033000000000
 0.033000000000
 0.033000000000
 0.033000000000
 0.033000000000
 0.033000000000
 0.033000000000
 0.033000000000
 0.018281885000
 0.005132799000
 0.003466922000
 0.003915432667
 0.021858388667
 0.033000000000
 0.033000000000
 0.033000000000
 0.019575178000
 0.001415057333
-0.000713774333
-0.000654801667
 0.003617311667
 0.026101324333
 0.033000000000
 0.033000000000
 0.017297572667
 0.003536686333
 0.000487293667
-0.000923914333
-0.000690696667
 0.002333640000
 0.010470341333
 0.023031075000
 0.018120035333
 0.009770903333
 0.003986653667
 0.000133626000
-0.001269891667
-0.001271831000
-0.000532866667
 0.000431656000
 0.033000000000
 0.033000000000
 0.013552120333
 0.002767051667
-0.000844446667
-0.001679364000
-0.001736234000
-0.001514086667
 0.033000000000
 0.033000000000
 0.033000000000
 0.011511833667
 0.000710057667
-0.001376800667
-0.001595746000
-0.000929263333
 0.033000000000
 0.033000000000
 0.033000000000
 0.033000000000
 0.033000000000
 0.033000000000
 0.033000000000
 0.033000000000
 0.033000000000
 0.033000000000
 0.033000000000
 0.033000000000
 0.033000000000
 0.033000000000
 0.033000000000
 0.033000000000
 0.018335574667
 0.011731036333
 0.012143864000
 0.012797329000
 0.033000000000
 0.033000000000
 0.033000000000
 0.033000000000
 0.016808724667
 0.010917218000
 0.005475707667
 0.002757747000
 0.012522517333
 0.033000000000
 0.033000000000
 0.033000000000
 0.033000000000
 0.033000000000
 0.023776439000
 0.006018727333
 0.002135069000
 0.008974846000
 0.030908976333
 0.033000000000
 0.033000000000
 0.033000000000
 0.033000000000
 0.015351337000
 0.001793146333
-0.000143121333
 0.001194351333
 0.002968041333
 0.033000000000
 0.033000000000
 0.033000000000
 0.028186233000
 0.003732440333
-0.000917828667
-0.001422744333
-0.001055783333
 0.033000000000
 0.033000000000
 0.033000000000
 0.033000000000
 0.008032042333
-0.000356084000
-0.000948392667
 0.000798696000
 0.033000000000
 0.033000000000
 0.033000000000
 0.033000000000
 0.033000000000
 0.033000000000
 0.033000000000
 0.033000000000
 0.033000000000
 0.033000000000
 0.033000000000
 0.033000000000
 0.033000000000
 0.033000000000
 0.033000000000
 0.033000000000
 0.033000000000
 0.030797805667
 0.029423970333
 0.027004240000
 0.033000000000
 0.033000000000
 0.033000000000
 0.033000000000
 0.033000000000
 0.033000000000
 0.033000000000
 0.017581264333
 0.029531602333
 0.033000000000
 0.033000000000
 0.033000000000
 0.033000000000
 0.033000000000
 0.033000000000
 0.033000000000
 0.012662119000
 0.021067286333
 0.033000000000
 0.033000000000
 0.033000000000
 0.033000000000
 0.033000000000
 0.033000000000
 0.019059193667
 0.003065752333
 0.004069590000
 0.007413473667
 0.033000000000
 0.033000000000
 0.033000000000
 0.033000000000
 0.027271489667
 0.002249853333
-0.000261878000
 0.001203757333
 0.033000000000
 0.033000000000
 0.033000000000
 0.033000000000
 0.033000000000
 0.003612593667
 0.001692766000
 0.008852772000
 0.033000000000
 0.033000000000
 0.033000000000
 0.033000000000
 0.033000000000
 0.033000000000
 0.033000000000
 0.033000000000
 0.033000000000
 0.033000000000
 0.033000000000
 0.033000000000
 0.033000000000
 0.033000000000
 0.033000000000
 0.033000000000
 0.033000000000
 0.033000000000
 0.033000000000
 0.033000000000
 0.033000000000
 0.033000000000
 0.033000000000
 0.033000000000
 0.033000000000
 0.033000000000
 0.033000000000
 0.033000000000
 0.033000000000
 0.033000000000
 0.033000000000
 0.033000000000
 0.033000000000
 0.033000000000
 0.033000000000
 0.033000000000
 0.033000000000
 0.031843403667
 0.033000000000
 0.033000000000
 0.033000000000
 0.033000000000
 0.033000000000
 0.033000000000
 0.033000000000
 0.013347337667
 0.006925486333
 0.011774821667
 0.033000000000
 0.033000000000
 0.033000000000
 0.033000000000
 0.033000000000
 0.013695651000
 0.004311447667
 0.014577034000
 0.033000000000
 0.033000000000
 0.033000000000
 0.033000000000
 0.033000000000
 0.016498041333
 0.012578104667
 0.033000000000
 0.033000000000
 0.033000000000
 0.033000000000
 0.033000000000
 0.033000000000
 0.033000000000
 0.033000000000
 0.033000000000
 0.033000000000
 0.033000000000
 0.033000000000
 0.033000000000
 0.033000000000
 0.033000000000
 0.033000000000
 0.033000000000
 0.033000000000
 0.033000000000
 0.033000000000
 0.033000000000
 0.033000000000
 0.018290988333
 0.033000000000
 0.033000000000
 0.033000000000
 0.033000000000
 0.018102140667
 0.012336171000
 0.007643547667
 0.004239793000
 0.023043715000
 0.033000000000
 0.033000000000
 0.033000000000
 0.008845605667
 0.000521648000
-0.000245298333
 0.000028290000
 0.005512143000
 0.032241906000
 0.033000000000
 0.033000000000
 0.002500721333
-0.000933098000
-0.001152193000
-0.000944776000
 0.000608007667
 0.007463106000
 0.033000000000
 0.006694344667
-0.000421937333
-0.001190440000
-0.001241762000
-0.001188176667
-0.000782515333
 0.001158477000
 0.003417186333
 0.000513239333
-0.000228261667
-0.000705676333
-0.001044688667
-0.001205715667
-0.001166372333
-0.000037554667
 0.032275765000
 0.033000000000
 0.025989196333
 0.025109191000
 0.018516734000
 0.018165133667
 0.033000000000
 0.033000000000
 0.033000000000
 0.008002905333
 0.007630219667
 0.010330557000
 0.007528919333
 0.009111748667
 0.033000000000
 0.033000000000
 0.033000000000
 0.017854093333
 0.003079007000
 0.002916080333
 0.001831546667
 0.002476077333
 0.021659111667
 0.033000000000
 0.033000000000
 0.033000000000
 0.001972794667
-0.000272756000
-0.000631108333
-0.000328017000
 0.003860646667
 0.020431118000
 0.033000000000
 0.027354045333
 0.001074897667
-0.001039787000
-0.001199151667
-0.001087021667
-0.000135464667
 0.003057769333
 0.033000000000
 0.009088770000
-0.000276567333
-0.001196583000
-0.001238999000
-0.001209739667
-0.001008527000
-0.000227636000
 0.010912119333
 0.000775544000
-0.001069082000
-0.001261227667
-0.001249020333
-0.001245109667
-0.001210600000
-0.000770690333
 0.000397740000
-0.000344638333
-0.000542614667
-0.000841763333
-0.001088027333
-0.001218630333
-0.001241565000
-0.000333297333
 0.033000000000
 0.033000000000
 0.033000000000
 0.010517278333
 0.006478139333
 0.033000000000
 0.033000000000
 0.033000000000
 0.014869187333
 0.006437866000
 0.002291707333
 0.000128939667
 0.001630433333
 0.029826970667
 0.033000000000
 0.033000000000
 0.028695981667
 0.001948330333
-0.000949555333
-0.001246366333
-0.000616078667
 0.006320445667
 0.033000000000
 0.033000000000
 0.033000000000
 0.003421247333
-0.000980636333
-0.001388140667
-0.001270237667
-0.000150476333
 0.006971275333
 0.033000000000
 0.033000000000
 0.002618570000
-0.000996100333
-0.001330840667
-0.001313168333
-0.001190868333
-0.000601335667
 0.001109158333
 0.012159557000
 0.000361526667
-0.001195480333
-0.001300483667
-0.001261197333
-0.001252680000
-0.001248078667
-0.001153300667
 0.001693069667
-0.000953709667
-0.001330295000
-0.001318807000
-0.001271711667
-0.001260996333
-0.001283526333
-0.001145475667
-0.000117801667
-0.000516725333
-0.000763809000
-0.001022420667
-0.001179851667
-0.001258068667
-0.001287724000
-0.000746073667
 0.033000000000
 0.033000000000
 0.033000000000
 0.025595016000
 0.024111706333
 0.033000000000
 0.033000000000
 0.033000000000
 0.015823525667
 0.012187508333
 0.005667806667
 0.001557066333
 0.007567515667
 0.033000000000
 0.033000000000
 0.033000000000
 0.011789784000
-0.000027921667
-0.001128050000
-0.001206367000
 0.000817089000
 0.018655491000
 0.033000000000
 0.033000000000
 0.016840616333
-0.000275194000
-0.001462122000
-0.001464376667
-0.001013257333
 0.001597125333
 0.015470184667
 0.033000000000
 0.011589657333
-0.000500008333
-0.001399380667
-0.001402879000
-0.001304735333
-0.000995166000
 0.000064496000
 0.002647878000
 0.003759056667
-0.000897292000
-0.001338682000
-0.001343416333
-0.001299503333
-0.001264443000
-0.001226497333
-0.001157731333
 0.001395012333
-0.000328069333
-0.000995231667
-0.001265782000
-0.001306766000
-0.001295673333
-0.001311893333
-0.001296870667
 0.008258918000
 0.004598528667
 0.000924817667
-0.000763486000
-0.001228693000
-0.001321564000
-0.001344677000
-0.001135935333
 0.033000000000
 0.033000000000
 0.033000000000
 0.033000000000
 0.033000000000
 0.033000000000
 0.033000000000
 0.033000000000
 0.014689340333
 0.017307365667
 0.014343180667
 0.008316206667
 0.023144883000
 0.033000000000
 0.033000000000
 0.033000000000
 0.003720959667
-0.000134856333
-0.000494696667
-0.000327577667
 0.005000791667
 0.033000000000
 0.033000000000
 0.033000000000
 0.004315892333
-0.000994392667
-0.001430330000
-0.001337279667
-0.000133126667
 0.006444106000
 0.031595647667
 0.033000000000
 0.003432853333
-0.000427078667
-0.001059941000
-0.001308802000
-0.001193185667
-0.000373399333
 0.001859816667
 0.005276765667
 0.003323767333
 0.001229746667
-0.000149709667
-0.001030922667
-0.001292418333
-0.001252202000
-0.001087519000
-0.000923780667
 0.013171083000
 0.008264198000
 0.002574710667
-0.000370307667
-0.001216930000
-0.001345821333
-0.001349078333
-0.001357666333
 0.033000000000
 0.033000000000
 0.016806496000
 0.002098401000
-0.000917176667
-0.001366840667
-0.001383368667
-0.001255505667
 0.033000000000
 0.033000000000
 0.033000000000
 0.033000000000
 0.033000000000
 0.033000000000
 0.033000000000
 0.033000000000
 0.022750458000
 0.033000000000
 0.033000000000
 0.033000000000
 0.033000000000
 0.033000000000
 0.033000000000
 0.033000000000
 0.003499963333
 0.001538912000
 0.001754447000
 0.002041272000
 0.017223375333
 0.033000000000
 0.033000000000
 0.033000000000
 0.002962061000
 0.001430238333
 0.000054678000
-0.000593648333
 0.002421763667
 0.025025127000
 0.033000000000
 0.033000000000
 0.014032381333
 0.013005989667
 0.005259128000
 0.000369929667
-0.000585072333
 0.001529350333
 0.008243376667
 0.016654646667
 0.033000000000
 0.033000000000
 0.017299734667
 0.002969257000
-0.000672819333
-0.001083903333
-0.000669842667
-0.000209972333
 0.033000000000
 0.033000000000
 0.033000000000
 0.006694773667
-0.000170554667
-0.001296453333
-0.001367329333
-0.001298862000
 0.033000000000
 0.033000000000
 0.033000000000
 0.017800598333
 0.001008789667
-0.001227784000
-0.001301693000
-0.000822970000
 0.033000000000
 0.033000000000
 0.033000000000
 0.033000000000
 0.033000000000
 0.033000000000
 0.033000000000
 0.033000000000
 0.033000000000
 0.033000000000
 0.033000000000
 0.033000000000
 0.033000000000
 0.033000000000
 0.033000000000
 0.033000000000
 0.013641025333
 0.006732459000
 0.006421329333
 0.005950660000
 0.033000000000
 0.033000000000
 0.033000000000
 0.033000000000
 0.030920076333
 0.029598178333
 0.013039121667
 0.003379336000
 0.007446414333
 0.033000000000
 0.033000000000
 0.033000000000
 0.033000000000
 0.033000000000
 0.033000000000
 0.015817253333
 0.002178928000
 0.005092407667
 0.021734327000
 0.033000000000
 0.033000000000
 0.033000000000
 0.033000000000
 0.033000000000
 0.003958122667
-0.000391858667
 0.000049986667
 0.001053050000
 0.033000000000
 0.033000000000
 0.033000000000
 0.033000000000
 0.006319064667
-0.000654004333
-0.001214150000
-0.000776416000
 0.033000000000
 0.033000000000
 0.033000000000
 0.033000000000
 0.009713463333
-0.000339299333
-0.000725172000
 0.001438967333
 0.033000000000
 0.033000000000
 0.033000000000
 0.033000000000
 0.033000000000
 0.033000000000
 0.033000000000
 0.033000000000
 0.033000000000
 0.033000000000
 0.033000000000
 0.033000000000
 0.033000000000
 0.033000000000
 0.033000000000
 0.033000000000
 0.033000000000
 0.021190422333
 0.015627912000
 0.010364272667
 0.033000000000
 0.033000000000
 0.033000000000
 0.033000000000
 0.033000000000
 0.033000000000
 0.033000000000
 0.027094052000
 0.013797175333
 0.033000000000
 0.033000000000
 0.033000000000
 0.033000000000
 0.033000000000
 0.033000000000
 0.033000000000
 0.016678319333
 0.008139375667
 0.028167973667
 0.033000000000
 0.033000000000
 0.033000000000
 0.033000000000
 0.033000000000
 0.031118980667
 0.002350152000
 0.000697128667
 0.002229098000
 0.033000000000
 0.033000000000
 0.033000000000
 0.033000000000
 0.033000000000
 0.002360204667
-0.000108979000
 0.003134600667
 0.033000000000
 0.033000000000
 0.033000000000
 0.033000000000
 0.033000000000
 0.003120130667
 0.002289362667
 0.015899393667
 0.000000000000
 0.000000000000
 0.000000000000
 0.000000000000
 0.000000000000
 0.000000000000
 0.000000000000
 0.000000000000
 0.000000000000
 0.000000000000
 0.000000000000
 0.000000000000
 0.000000000000
 0.000000000000
 0.000000000000
 0.000000000000
 0.000000000000
 0.000000000000
 0.000000000000
 0.000000000000
 0.000000000000
 0.000000000000
 0.000000000000
 0.000000000000
 0.000000000000
 0.000000000000
 0.000000000000
 0.000000000000
 0.000000000000
 0.000000000000
 0.000000000000
 0.000000000000
 0.000000000000
 0.000000000000
 0.000000000000
 0.000000000000
 0.000000000000
 0.000000000000
 0.000000000000
 0.000000000000
 0.000000000000
 0.000000000000
 0.000000000000
 0.000000000000
 0.000000000000
 0.000000000000
 0.000000000000
 0.000000000000
 0.000000000000
 0.000000000000
 0.000000000000
 0.000000000000
 0.000000000000
 0.000000000000
 0.000000000000
 0.000000000000
 0.000000000000
 0.000000000000
 0.000000000000
 0.000000000000
 0.000000000000
 0.000000000000
 0.000000000000
 0.000000000000
 0.000000000000
 0.000000000000
 0.000000000000
 0.000000000000
 0.000000000000
 0.000000000000
 0.000000000000
 0.000000000000
 0.000000000000
 0.000000000000
 0.000000000000
 0.000000000000
 0.000000000000
 0.000000000000
 0.000000000000
 0.000000000000
 0.000000000000
 0.000000000000
 0.000000000000
 0.000000000000
 0.000000000000
 0.000000000000
 0.000000000000
 0.000000000000
 0.000000000000
 0.000000000000
 0.000000000000
 0.000000000000
 0.000000000000
 0.000000000000
 0.000000000000
 0.000000000000
 0.000000000000
 0.000000000000
 0.000000000000
 0.000000000000
 0.000000000000
 0.000000000000
 0.000000000000
 0.000000000000
 0.000000000000
 0.000000000000
 0.000000000000
 0.000000000000
 0.000000000000
 0.000000000000
 0.000000000000
 0.000000000000
 0.000000000000
 0.000000000000
 0.000000000000
 0.000000000000
 0.000000000000
 0.000000000000
 0.000000000000
 0.000000000000
 0.000000000000
 0.000000000000
 0.000000000000
 0.000000000000
 0.000000000000
 0.000000000000
 0.000000000000
 0.000000000000
 0.000000000000
 0.000000000000
 0.000000000000
 0.000000000000
 0.000000000000
 0.000000000000
 0.000000000000
 0.000000000000
 0.000000000000
 0.000000000000
 0.000000000000
 0.000000000000
 0.000000000000
 0.000000000000
 0.000000000000
 0.000000000000
 0.000000000000
 0.000000000000
 0.000000000000
 0.000000000000
 0.000000000000
 0.000000000000
 0.000000000000
 0.000000000000
 0.000000000000
 0.000000000000
 0.000000000000
 0.000000000000
 0.000000000000
 0.000000000000
 0.000000000000
 0.000000000000
 0.000000000000
 0.000000000000
 0.000000000000
 0.000000000000
 0.000000000000
 0.000000000000
 0.000000000000
 0.000000000000
 0.000000000000
 0.000000000000
 0.000000000000
 0.000000000000
 0.000000000000
 0.000000000000
 0.000000000000
 0.000000000000
 0.000000000000
 0.000000000000
 0.000000000000
 0.000000000000
 0.000000000000
 0.000000000000
 0.000000000000
 0.000000000000
 0.000000000000
 0.000000000000
 0.000000000000
 0.000000000000
 0.000000000000
 0.000000000000
 0.000000000000
 0.000000000000
 0.000000000000
 0.000000000000
 0.000000000000
 0.000000000000
 0.000000000000
 0.000000000000
 0.000000000000
 0.000000000000
 0.000000000000
 0.000000000000
 0.000000000000
 0.000000000000
 0.000000000000
 0.000000000000
 0.000000000000
 0.000000000000
 0.000000000000
 0.000000000000
 0.000000000000
 0.000000000000
 0.000000000000
 0.000000000000
 0.000000000000
 0.000000000000
 0.000000000000
 0.000000000000
 0.000000000000
 0.000000000000
 0.000000000000
 0.000000000000
 0.000000000000
 0.000000000000
 0.000000000000
 0.000000000000
 0.000000000000
 0.000000000000
 0.000000000000
 0.000000000000
 0.000000000000
 0.000000000000
 0.000000000000
 0.000000000000
 0.000000000000
 0.000000000000
 0.000000000000
 0.000000000000
 0.000000000000
 0.000000000000
 0.000000000000
 0.000000000000
 0.000000000000
 0.000000000000
 0.000000000000
 0.000000000000
 0.000000000000
 0.000000000000
 0.000000000000
 0.000000000000
 0.000000000000
 0.000000000000
 0.000000000000
 0.000000000000
 0.000000000000
 0.000000000000
 0.000000000000
 0.000000000000
 0.000000000000
 0.000000000000
 0.000000000000
 0.000000000000
 0.000000000000
 0.000000000000
 0.000000000000
 0.000000000000
 0.000000000000
 0.000000000000
 0.000000000000
 0.000000000000
 0.000000000000
 0.000000000000
 0.000000000000
 0.000000000000
 0.000000000000
 0.000000000000
 0.000000000000
 0.000000000000
 0.000000000000
 0.000000000000
 0.000000000000
 0.000000000000
 0.000000000000
 0.000000000000
 0.000000000000
 0.000000000000
 0.000000000000
 0.000000000000
 0.000000000000
 0.000000000000
 0.000000000000
 0.000000000000
 0.000000000000
 0.000000000000
 0.000000000000
 0.000000000000
 0.000000000000
 0.000000000000
 0.000000000000
 0.000000000000
 0.000000000000
 0.000000000000
 0.000000000000
 0.000000000000
 0.000000000000
 0.000000000000
 0.000000000000
 0.000000000000
 0.000000000000
 0.000000000000
 0.000000000000
 0.000000000000
 0.000000000000
 0.000000000000
 0.000000000000
 0.000000000000
 0.000000000000
 0.000000000000
 0.000000000000
 0.000000000000
 0.000000000000
 0.000000000000
 0.000000000000
 0.000000000000
 0.000000000000
 0.000000000000
 0.000000000000
 0.000000000000
 0.000000000000
 0.000000000000
 0.000000000000
 0.000000000000
 0.000000000000
 0.000000000000
 0.000000000000
 0.000000000000
 0.000000000000
 0.000000000000
 0.000000000000
 0.000000000000
 0.000000000000
 0.000000000000
 0.000000000000
 0.000000000000
 0.000000000000
 0.000000000000
 0.000000000000
 0.000000000000
 0.000000000000
 0.000000000000
 0.000000000000
 0.000000000000
 0.000000000000
 0.000000000000
 0.000000000000
 0.000000000000
 0.000000000000
 0.000000000000
 0.000000000000
 0.000000000000
 0.000000000000
 0.000000000000
 0.000000000000
 0.000000000000
 0.000000000000
 0.000000000000
 0.000000000000
 0.000000000000
 0.000000000000
 0.000000000000
 0.000000000000
 0.000000000000
 0.000000000000
 0.000000000000
 0.000000000000
 0.000000000000
 0.000000000000
 0.000000000000
 0.000000000000
 0.000000000000
 0.000000000000
 0.000000000000
 0.000000000000
 0.000000000000
 0.000000000000
 0.000000000000
 0.000000000000
 0.000000000000
 0.000000000000
 0.000000000000
 0.000000000000
 0.000000000000
 0.000000000000
 0.000000000000
 0.000000000000
 0.000000000000
 0.000000000000
 0.000000000000
 0.000000000000
 0.000000000000
 0.000000000000
 0.000000000000
 0.000000000000
 0.000000000000
 0.000000000000
 0.000000000000
 0.000000000000
 0.000000000000
 0.000000000000
 0.000000000000
 0.000000000000
 0.000000000000
 0.000000000000
 0.000000000000
 0.000000000000
 0.000000000000
 0.000000000000
 0.000000000000
 0.000000000000
 0.000000000000
 0.000000000000
 0.000000000000
 0.000000000000
 0.000000000000
 0.000000000000
 0.000000000000
 0.000000000000
 0.000000000000
 0.000000000000
 0.000000000000
 0.000000000000
 0.000000000000
 0.000000000000
 0.000000000000
 0.000000000000
 0.000000000000
 0.000000000000
 0.000000000000
 0.000000000000
 0.000000000000
 0.000000000000
 0.000000000000
 0.000000000000
 0.000000000000
 0.000000000000
 0.000000000000
 0.000000000000
 0.000000000000
 0.000000000000
 0.000000000000
 0.000000000000
 0.000000000000
 0.000000000000
 0.000000000000
 0.000000000000
 0.000000000000
 0.000000000000
 0.000000000000
 0.000000000000
 0.000000000000
 0.000000000000
 0.000000000000
 0.000000000000
 0.000000000000
 0.000000000000
 0.000000000000
 0.000000000000
 0.000000000000
 0.000000000000
 0.000000000000
 0.000000000000
 0.000000000000
 0.000000000000
 0.000000000000
 0.000000000000
 0.000000000000
 0.000000000000
 0.000000000000
 0.000000000000
 0.000000000000
 0.000000000000
 0.000000000000
 0.000000000000
 0.000000000000
 0.000000000000
 0.000000000000
 0.000000000000
 0.000000000000
 0.000000000000
 0.000000000000
 0.000000000000
 0.000000000000
 0.000000000000
 0.000000000000
 0.000000000000
 0.000000000000
 0.000000000000
 0.000000000000
 0.000000000000
 0.000000000000
 0.000000000000
 0.000000000000
 0.000000000000
 0.000000000000
 0.000000000000
 0.000000000000
 0.000000000000
 0.000000000000
 0.000000000000
 0.000000000000
 0.650974965069
 0.000000000000
