  1.000000
  0.081283
  1.000000
  1.000000
  1.000000
  1.000000
  0.314092
 -0.994567
 -1.000000
 -1.000000
 -0.140657
  1.000000
  1.000000
  1.000000
 -0.089661
 -0.460220
 -1.000000
 -1.000000
  0.549728
  1.000000
  1.000000
  1.000000
  0.269192
  0.073398
  0.644134
 -1.000000
  0.052699
  1.000000
  1.000000
  0.941525
  0.445783
  0.333207
 -1.000000
 -1.000000
 -1.000000
  0.129428
  0.618406
  0.523869
  0.392237
  0.385387
 -1.000000
 -1.000000
 -1.000000
 -0.989140
 -0.138659
  0.147773
  0.249226
  0.329686
 -1.000000
 -1.000000
 -1.000000
 -1.000000
 -0.506105
 -0.111365
  0.104842
  0.247665
 -1.000000
 -1.000000
 -1.000000
 -1.000000
 -0.716115
 -0.326321
 -0.030094
  0.183554
  0.044005
 -1.000000
  0.215206
  1.000000
  1.000000
 -1.000000
 -1.000000
 -1.000000
 -1.000000
 -1.000000
 -1.000000
  1.000000
  1.000000
 -0.545498
 -1.000000
 -1.000000
 -1.000000
 -1.000000
  1.000000
  1.000000
  1.000000
  1.000000
 -0.602373
 -0.884421
  1.000000
 -1.000000
  1.000000
  1.000000
  1.000000
  1.000000
  0.204857
 -0.102101
 -1.000000
 -1.000000
 -1.000000
  1.000000
  1.000000
  0.708257
  0.327153
  0.168311
 -1.000000
 -1.000000
 -1.000000
 -1.000000
 -0.014533
  0.237612
  0.248394
  0.237332
 -1.000000
 -1.000000
 -1.000000
 -1.000000
 -0.475759
 -0.027824
  0.158477
  0.247775
 -1.000000
 -1.000000
 -1.000000
 -1.000000
 -0.625949
 -0.172059
  0.099544
  0.262530
  1.000000
  1.000000
  1.000000
  1.000000
 -1.000000
 -1.000000
 -1.000000
 -1.000000
 -1.000000
 -1.000000
 -1.000000
  1.000000
  1.000000
 -1.000000
 -1.000000
 -1.000000
 -1.000000
 -1.000000
  1.000000
  1.000000
  1.000000
  0.682433
 -1.000000
 -1.000000
  1.000000
 -1.000000
  1.000000
  1.000000
  1.000000
  1.000000
 -0.048506
 -0.524959
 -1.000000
 -1.000000
 -1.000000
  1.000000
  1.000000
  0.823545
  0.263530
 -0.042779
 -1.000000
 -1.000000
 -1.000000
 -0.916498
  0.199888
  0.374368
  0.280732
  0.162128
 -1.000000
 -1.000000
 -1.000000
 -1.000000
 -0.244271
  0.159745
  0.269062
  0.274874
 -1.000000
 -1.000000
 -1.000000
 -1.000000
 -0.316491
  0.094326
  0.286690
  0.367214
  1.000000
  1.000000
  1.000000
  1.000000
 -1.000000
 -1.000000
 -1.000000
 -1.000000
 -1.000000
 -1.000000
 -1.000000
  1.000000
  1.000000
 -1.000000
 -1.000000
 -1.000000
 -1.000000
 -1.000000
  1.000000
  1.000000
  1.000000
  0.425468
 -1.000000
 -1.000000
  1.000000
 -1.000000
  1.000000
  1.000000
  1.000000
  1.000000
 -0.135166
 -0.868172
 -1.000000
 -1.000000
 -1.000000
  1.000000
  1.000000
  0.844165
  0.232634
 -0.271379
 -1.000000
 -1.000000
 -1.000000
 -0.379507
  0.494411
  0.581939
  0.366248
  0.090300
 -1.000000
 -1.000000
 -1.000000
 -0.608567
  0.228898
  0.487078
  0.457204
  0.329434
 -1.000000
 -1.000000
 -1.000000
 -0.349814
  0.231877
  0.487131
  0.537893
  0.497376
  1.000000
  1.000000
  1.000000
  1.000000
  1.000000
 -0.276342
 -1.000000
 -1.000000
  0.079264
 -1.000000
  1.000000
  1.000000
  1.000000
  1.000000
 -1.000000
 -1.000000
 -1.000000
 -1.000000
 -0.325769
  1.000000
  1.000000
  1.000000
 -0.224967
 -1.000000
 -0.892934
 -1.000000
 -0.186853
  1.000000
  1.000000
  1.000000
  0.043961
 -1.000000
 -1.000000
 -1.000000
 -0.609704
  0.883951
  1.000000
  1.000000
  0.289710
 -0.578198
 -1.000000
 -1.000000
 -0.942045
  0.430412
  1.000000
  0.999402
  0.567476
  0.024770
 -1.000000
 -1.000000
 -0.567830
  0.496327
  1.000000
  1.000000
  0.789196
  0.435229
  0.267579
 -0.036033
  0.296346
  0.761443
  1.000000
  1.000000
  0.902030
  0.675124
  1.000000
  1.000000
  1.000000
  1.000000
  1.000000
  1.000000
  1.000000
  1.000000
  1.000000
  1.000000
  1.000000
  1.000000
  1.000000
  1.000000
  1.000000
 -0.234376
  0.603089
  0.236945
  1.000000
  1.000000
  1.000000
  1.000000
  1.000000
 -1.000000
  0.068871
 -0.231187
  0.608743
  1.000000
  1.000000
  1.000000
  0.281885
 -1.000000
 -0.556971
 -0.526895
  0.266472
  1.000000
  1.000000
  1.000000
  0.462073
 -0.998039
 -0.812955
 -0.545215
  0.344565
  1.000000
  1.000000
  1.000000
  1.000000
  0.020568
  0.297363
  0.292480
  0.903647
  1.000000
  1.000000
  1.000000
  1.000000
  0.647586
  1.000000
  1.000000
  1.000000
  1.000000
  1.000000
  1.000000
  1.000000
  0.934144
  1.000000
  1.000000
  1.000000
  1.000000
  1.000000
  1.000000
  1.000000
  1.000000
  1.000000
  1.000000
  1.000000
  1.000000
  1.000000
  1.000000
  1.000000
 -1.000000
  1.000000
  1.000000
  1.000000
  1.000000
  1.000000
  1.000000
  1.000000
 -1.000000
  0.324634
  0.313141
  0.882515
  1.000000
  1.000000
  1.000000
  0.298813
 -1.000000
 -0.188637
 -0.220481
  0.415714
  1.000000
  1.000000
  1.000000
  0.775327
 -1.000000
 -0.175176
 -0.347583
  0.594921
  1.000000
  1.000000
  1.000000
  1.000000
  0.224391
  1.000000
  0.533468
  1.000000
  1.000000
  1.000000
  1.000000
  1.000000
  1.000000
  1.000000
  1.000000
  1.000000
  1.000000
  1.000000
  1.000000
  1.000000
  1.000000
  1.000000
  1.000000
  1.000000
  1.000000
  1.000000
  1.000000
  1.000000
 -1.000000
  1.000000
  1.000000
  1.000000
  1.000000
  1.000000
  1.000000
 -1.000000
 -1.000000
  0.577600
  0.755734
  1.000000
  1.000000
  1.000000
  1.000000
 -1.000000
 -1.000000
 -0.036536
 -0.091581
  0.311004
  1.000000
  1.000000
  1.000000
  0.119854
 -1.000000
 -0.611831
 -1.000000
 -0.964642
  1.000000
  1.000000
  1.000000
  1.000000
 -0.530945
 -0.789811
 -1.000000
 -1.000000
  1.000000
  1.000000
  1.000000
  1.000000
  0.759820
  0.579914
 -1.000000
 -1.000000
  1.000000
  1.000000
  1.000000
  1.000000
  1.000000
  1.000000
  1.000000
 -1.000000
  1.000000
  1.000000
  1.000000
  1.000000
  1.000000
  1.000000
  1.000000
  1.000000
  1.000000
  1.000000
  1.000000
  1.000000
  1.000000
  1.000000
  1.000000
  1.000000
  1.000000
  1.000000
  1.000000
  1.000000
  1.000000
  1.000000
  1.000000
  1.000000
  1.000000
  1.000000
  1.000000
  1.000000
  1.000000
  1.000000
  1.000000
  1.000000
  1.000000
  1.000000
  1.000000
  1.000000
  1.000000
  1.000000
  1.000000
  1.000000
  1.000000
  1.000000
  1.000000
  1.000000
  1.000000
  1.000000
  1.000000
  1.000000
  1.000000
  1.000000
  1.000000
  1.000000
  1.000000
  1.000000
  1.000000
  1.000000
  1.000000
  1.000000
  1.000000
  1.000000
  1.000000
  1.000000
  1.000000
  1.000000
  1.000000
  1.000000
  1.000000
  1.000000
  1.000000
  1.000000
  1.000000
  1.000000
  1.000000
  1.000000
  1.000000
  1.000000
  1.000000
  1.000000
  1.000000
  1.000000
  1.000000
  1.000000
  1.000000
  1.000000
  1.000000
  1.000000
  1.000000
  1.000000
  1.000000
  1.000000
  1.000000
  1.000000
  1.000000
  1.000000
  1.000000
  1.000000
  1.000000
  1.000000
  1.000000
  1.000000
  1.000000
  1.000000
  1.000000
  1.000000
  1.000000
  1.000000
  1.000000
  1.000000
  1.000000
  1.000000
  1.000000
  1.000000
  1.000000
  1.000000
  1.000000
  1.000000
  1.000000
  1.000000
  1.000000
  1.000000
  1.000000
  1.000000
  1.000000
  1.000000
  1.000000
  1.000000
  1.000000
  1.000000
  1.000000
  1.000000
  1.000000
  1.000000
  1.000000
  1.000000
  1.000000
  1.000000
  1.000000
  1.000000
  1.000000
  1.000000
  1.000000
  1.000000
  1.000000
  1.000000
  1.000000
  1.000000
  1.000000
  1.000000
  1.000000
  1.000000
  1.000000
  1.000000
  1.000000
  1.000000
  1.000000
  1.000000
  1.000000
  1.000000
  1.000000
  1.000000
  1.000000
  1.000000
  1.000000
  1.000000
  1.000000
  1.000000
  1.000000
  1.000000
  1.000000
  1.000000
  1.000000
  1.000000
  1.000000
  1.000000
  1.000000
  1.000000
  1.000000
  1.000000
  1.000000
  1.000000
  1.000000
  1.000000
  1.000000
  1.000000
  1.000000
  1.000000
 -1.000000
  1.000000
  1.000000
  1.000000
  1.000000
  1.000000
  1.000000
  1.000000
 -1.000000
  1.000000
  1.000000
  1.000000
  1.000000
  1.000000
  1.000000
  1.000000
  1.000000
  1.000000
  1.000000
  1.000000
  1.000000
  1.000000
  1.000000
  1.000000
  1.000000
  1.000000
  1.000000
  1.000000
  1.000000
  1.000000
  1.000000
  1.000000
  1.000000
  1.000000
  1.000000
  1.000000
  1.000000
  1.000000
  1.000000
  1.000000
  1.000000
  1.000000
  1.000000
  1.000000
  1.000000
  1.000000
  1.000000
  1.000000
  1.000000
  1.000000
  1.000000
  1.000000
  1.000000
  1.000000
  1.000000
  1.000000
 -1.000000
 -1.000000
  1.000000
  1.000000
  1.000000
  1.000000
  1.000000
  1.000000
 -1.000000
 -1.000000
  1.000000
  1.000000
  1.000000
  1.000000
  1.000000
  1.000000
 -1.000000
 -1.000000
  1.000000
  1.000000
  1.000000
  1.000000
  1.000000
  1.000000
  1.000000
  1.000000
  1.000000
  1.000000
  1.000000
  1.000000
  1.000000
  1.000000
  1.000000
  1.000000
  1.000000
  1.000000
  1.000000
  1.000000
  1.000000
  1.000000
  1.000000
  1.000000
  1.000000
  1.000000
  1.000000
  1.000000
  1.000000
  1.000000
  1.000000
  1.000000
  1.000000
  1.000000
  1.000000
  1.000000
  1.000000
  1.000000
  1.000000
  1.000000
  1.000000
  1.000000
  1.000000
  1.000000
  1.000000
  1.000000
 -0.844407
 -1.000000
  1.000000
  1.000000
  1.000000
  1.000000
  1.000000
  1.000000
 -1.000000
 -1.000000
  1.000000
  1.000000
  1.000000
  1.000000
  1.000000
  1.000000
 -0.984089
 -1.000000
  1.000000
  1.000000
  1.000000
  1.000000
  1.000000
  1.000000
  1.000000
  1.000000
  1.000000
  1.000000
  1.000000
  1.000000
  1.000000
  1.000000
  1.000000
  1.000000
  1.000000
  1.000000
  1.000000
  1.000000
  1.000000
  1.000000
  1.000000
  1.000000
  1.000000
  1.000000
  1.000000
  1.000000
  1.000000
  1.000000
  1.000000
  1.000000
  1.000000
  1.000000
  1.000000
  1.000000
  1.000000
  1.000000
  1.000000
  1.000000
  1.000000
  1.000000
  1.000000
  1.000000
  1.000000
  1.000000
  1.000000
  1.000000
  1.000000
  1.000000
  1.000000
  1.000000
  1.000000
  1.000000
  1.000000
  1.000000
  1.000000
  1.000000
  1.000000
  1.000000
  1.000000
  1.000000
  1.000000
  1.000000
  1.000000
  1.000000
  1.000000
  1.000000
  1.000000
  1.000000
  1.000000
  1.000000
  1.000000
  1.000000
  1.000000
  1.000000
  1.000000
  1.000000
  1.000000
  1.000000
  1.000000
  1.000000
  1.000000
  1.000000
  1.000000
  1.000000
  1.000000
  1.000000
  1.000000
  1.000000
  1.000000
  1.000000
  1.000000
  1.000000
  1.000000
  1.000000
  1.000000
  1.000000
  1.000000
  1.000000
  1.000000
  1.000000
  1.000000
  1.000000
  1.000000
  1.000000
  1.000000
  1.000000
  1.000000
  1.000000
  1.000000
  1.000000
  1.000000
  1.000000
  1.000000
  1.000000
  1.000000
  1.000000
  1.000000
  1.000000
  1.000000
  1.000000
  1.000000
  1.000000
  1.000000
  1.000000
  1.000000
  1.000000
  1.000000
  1.000000
  1.000000
  1.000000
  1.000000
  1.000000
  1.000000
  1.000000
  1.000000
  1.000000
  1.000000
  1.000000
  1.000000
  1.000000
  1.000000
  1.000000
  1.000000
  1.000000
  1.000000
  1.000000
  1.000000
  1.000000
  1.000000
  1.000000
  1.000000
  1.000000
  1.000000
  1.000000
  1.000000
  1.000000
  1.000000
  1.000000
  1.000000
  1.000000
  1.000000
  1.000000
  1.000000
  1.000000
  1.000000
  1.000000
  1.000000
  1.000000
  1.000000
  1.000000
  1.000000
  1.000000
  1.000000
  1.000000
  1.000000
  1.000000
  1.000000
  1.000000
  1.000000
  1.000000
  1.000000
  1.000000
  1.000000
  1.000000
  1.000000
  1.000000
  1.000000
  1.000000
  1.000000
  1.000000
  1.000000
  1.000000
  1.000000
  1.000000
  1.000000
  1.000000
  1.000000
  1.000000
  1.000000
  1.000000
  1.000000
  1.000000
  1.000000
  1.000000
  1.000000
  1.000000
  1.000000
  1.000000
  1.000000
  1.000000
  1.000000
  1.000000
  1.000000
  1.000000
  1.000000
  1.000000
  1.000000
  1.000000
  1.000000
  1.000000
  1.000000
  1.000000
  1.000000
  1.000000
  1.000000
  1.000000
  1.000000
  1.000000
  1.000000
  1.000000
  1.000000
  1.000000
  1.000000
  1.000000
  1.000000
  1.000000
  1.000000
  1.000000
  1.000000
  1.000000
  1.000000
  1.000000
  1.000000
 -1.000000
  1.000000
  1.000000
  1.000000
  1.000000
  1.000000
  1.000000
  1.000000
  1.000000
  0.590074
  1.000000
  1.000000
  1.000000
  1.000000
  1.000000
  1.000000
  1.000000
  1.000000
  1.000000
  1.000000
  1.000000
  1.000000
  1.000000
  1.000000
  1.000000
  1.000000
  1.000000
  1.000000
  1.000000
  1.000000
  1.000000
  1.000000
  1.000000
  1.000000
  1.000000
  1.000000
  1.000000
  1.000000
  1.000000
  1.000000
  1.000000
  1.000000
  1.000000
  1.000000
  1.000000
  1.000000
  1.000000
  1.000000
  1.000000
  1.000000
  1.000000
  1.000000
  1.000000
  1.000000
  1.000000
  1.000000
  1.000000
  1.000000
  1.000000
  1.000000
  1.000000
  1.000000
  1.000000
  1.000000
 -1.000000
 -1.000000
  1.000000
  1.000000
  1.000000
  1.000000
  1.000000
  1.000000
  0.449756
 -1.000000
 -1.000000
  1.000000
  1.000000
  1.000000
  1.000000
  1.000000
  1.000000
  1.000000
  1.000000
  1.000000
  1.000000
  1.000000
  1.000000
  1.000000
  1.000000
  1.000000
  1.000000
  1.000000
  1.000000
  1.000000
  1.000000
  1.000000
  1.000000
  1.000000
  1.000000
  1.000000
  1.000000
  1.000000
  1.000000
  1.000000
  1.000000
  1.000000
  1.000000
  1.000000
  1.000000
  1.000000
  1.000000
  1.000000
  1.000000
  0.099830
  1.000000
  1.000000
  1.000000
  1.000000
  1.000000
  1.000000
  1.000000
 -1.000000
 -0.440039
  1.000000
  1.000000
  1.000000
  1.000000
  1.000000
 -1.000000
 -1.000000
 -1.000000
  1.000000
  1.000000
  1.000000
  1.000000
  1.000000
 -1.000000
 -1.000000
 -1.000000
  1.000000
  1.000000
  1.000000
  1.000000
  1.000000
  1.000000
  1.000000
  1.000000
  1.000000
  1.000000
  1.000000
  1.000000
  1.000000
  1.000000
  1.000000
  1.000000
  1.000000
  1.000000
  1.000000
  1.000000
  1.000000
  1.000000
  1.000000
  1.000000
  1.000000
  1.000000
  1.000000
  1.000000
  1.000000
  1.000000
  1.000000
  1.000000
  1.000000
  1.000000
  1.000000
  1.000000
  1.000000
  1.000000
 -1.000000
 -1.000000
  0.980558
  1.000000
  1.000000
  1.000000
  1.000000
  0.315551
 -1.000000
 -1.000000
 -1.000000
  1.000000
  1.000000
  1.000000
  1.000000
 -1.000000
 -1.000000
 -1.000000
 -1.000000
  1.000000
  1.000000
  1.000000
  1.000000
 -1.000000
 -1.000000
 -1.000000
  1.000000
  1.000000
  1.000000
  1.000000
  1.000000
  1.000000
  1.000000
  1.000000
  1.000000
  1.000000
  1.000000
  1.000000
  1.000000
  1.000000
  1.000000
  1.000000
  1.000000
  1.000000
  1.000000
  1.000000
  1.000000
  1.000000
  1.000000
  1.000000
  1.000000
  1.000000
  1.000000
  1.000000
  1.000000
  1.000000
  1.000000
  1.000000
  1.000000
  1.000000
  1.000000
  1.000000
  1.000000
  1.000000
  1.000000
  1.000000
  1.000000
  1.000000
  1.000000
  1.000000
  1.000000
 -1.000000
 -1.000000
 -1.000000
 -1.000000
  1.000000
  1.000000
  1.000000
  1.000000
 -1.000000
 -1.000000
 -1.000000
 -1.000000
  1.000000
  1.000000
  1.000000
  1.000000
  1.000000
 -1.000000
 -1.000000
  1.000000
  1.000000
  1.000000
  1.000000
  1.000000
  1.000000
  1.000000
  1.000000
  1.000000
  1.000000
  1.000000
  1.000000
  1.000000
  1.000000
  1.000000
  1.000000
  1.000000
  1.000000
  1.000000
  1.000000
  1.000000
  1.000000
  1.000000
  1.000000
  1.000000
  1.000000
  1.000000
  1.000000
  1.000000
  1.000000
  1.000000
  1.000000
  1.000000
  1.000000
  1.000000
  1.000000
  1.000000
  1.000000
  1.000000
  1.000000
  1.000000
  1.000000
  1.000000
  1.000000
  1.000000
  1.000000
  0.918898
 -1.000000
  1.000000
  1.000000
  1.000000
  1.000000
  1.000000
  1.000000
  1.000000
 -1.000000
 -1.000000
  1.000000
  1.000000
  1.000000
  1.000000
  1.000000
  1.000000
 -1.000000
 -1.000000
  1.000000
  1.000000
  1.000000
  1.000000
  1.000000
  1.000000
  1.000000
  1.000000
  1.000000
  1.000000
  1.000000
  1.000000
  1.000000
  1.000000
  1.000000
  1.000000
  1.000000
  1.000000
  1.000000
  1.000000
  1.000000
  1.000000
  1.000000
  1.000000
  1.000000
  1.000000
  1.000000
  1.000000
  1.000000
  1.000000
  1.000000
  1.000000
  1.000000
  1.000000
  1.000000
  1.000000
  1.000000
  1.000000
  1.000000
  1.000000
  1.000000
  1.000000
  1.000000
  1.000000
  1.000000
  1.000000
  1.000000
  1.000000
  1.000000
  1.000000
  1.000000
  1.000000
  1.000000
  1.000000
  1.000000
 -1.000000
  1.000000
  1.000000
  1.000000
  1.000000
  1.000000
  1.000000
  1.000000
 -1.000000
  1.000000
  1.000000
  1.000000
  1.000000
  1.000000
  1.000000
  1.000000
  1.000000
  1.000000
  1.000000
  1.000000
  1.000000
  1.000000
  1.000000
  1.000000
  1.000000
  1.000000
  1.000000
  1.000000
  1.000000
  1.000000
  1.000000
  1.000000
  1.000000
  1.000000
  1.000000
  1.000000
  1.000000
  1.000000
  1.000000
  1.000000
  1.000000
  1.000000
  1.000000
  1.000000
  1.000000
  1.000000
  1.000000
  1.000000
  1.000000
  1.000000
  1.000000
  1.000000
  1.000000
  1.000000
  1.000000
  1.000000
  1.000000
  1.000000
  1.000000
  1.000000
  1.000000
  1.000000
  1.000000
  1.000000
  1.000000
  1.000000
  1.000000
  1.000000
  1.000000
  1.000000
  1.000000
  1.000000
  1.000000
  0.000000
  0.000000
  0.000000
  0.000000
  0.000000
  0.000000
  0.000000
  0.000000
  0.000000
  0.000000
  0.000000
  0.000000
  0.000000
  0.000000
  0.000000
  0.000000
  0.000000
  0.000000
  0.000000
  0.000000
  0.000000
  0.000000
  0.000000
  0.000000
  0.000000
  0.000000
  0.000000
  0.000000
  0.000000
  0.000000
  0.000000
  0.000000
  0.000000
  0.000000
  0.000000
  0.000000
  0.000000
  0.000000
  0.000000
  0.000000
  0.000000
  0.000000
  0.000000
  0.000000
  0.000000
  0.000000
  0.000000
  0.000000
  0.000000
  0.000000
  0.000000
  0.000000
  0.000000
  0.000000
  0.000000
  0.000000
  0.000000
  0.000000
  0.000000
  0.000000
  0.000000
  0.000000
  0.000000
  0.000000
  0.000000
  0.000000
  0.000000
  0.000000
  0.000000
  0.000000
  0.000000
  0.000000
  0.000000
  0.000000
  0.000000
  0.000000
  0.000000
  0.000000
  0.000000
  0.000000
  0.000000
  0.000000
  0.000000
  0.000000
  0.000000
  0.000000
  0.000000
  0.000000
  0.000000
  0.000000
  0.000000
  0.000000
  0.000000
  0.000000
  0.000000
  0.000000
  0.000000
  0.000000
  0.000000
  0.000000
  0.000000
  0.000000
  0.000000
  0.000000
  0.000000
  0.000000
  0.000000
  0.000000
  0.000000
  0.000000
  0.000000
  0.000000
  0.000000
  0.000000
  0.000000
  0.000000
  0.000000
  0.000000
  0.000000
  0.000000
  0.000000
  0.000000
  0.000000
  0.000000
  0.000000
  0.000000
  0.000000
  0.000000
  0.000000
  0.000000
  0.000000
  0.000000
  0.000000
  0.000000
  0.000000
  0.000000
  0.000000
  0.000000
  0.000000
  0.000000
  0.000000
  0.000000
  0.000000
  0.000000
  0.000000
  0.000000
  0.000000
  0.000000
  0.000000
  0.000000
  0.000000
  0.000000
  0.000000
  0.000000
  0.000000
  0.000000
  0.000000
  0.000000
  0.000000
  0.000000
  0.000000
  0.000000
  0.000000
  0.000000
  0.000000
  0.000000
  0.000000
  0.000000
  0.000000
  0.000000
  0.000000
  0.000000
  0.000000
  0.000000
  0.000000
  0.000000
  0.000000
  0.000000
  0.000000
  0.000000
  0.000000
  0.000000
  0.000000
  0.000000
  0.000000
  0.000000
  0.000000
  0.000000
  0.000000
  0.000000
  0.000000
  0.000000
  0.000000
  0.000000
  0.000000
  0.000000
  0.000000
  0.000000
  0.000000
  0.000000
  0.000000
  0.000000
  0.000000
  0.000000
  0.000000
  0.000000
  0.000000
  0.000000
  0.000000
  0.000000
  0.000000
  0.000000
  0.000000
  0.000000
  0.000000
  0.000000
  0.000000
  0.000000
  0.000000
  0.000000
  0.000000
  0.000000
  0.000000
  0.000000
  0.000000
  0.000000
  0.000000
  0.000000
  0.000000
  0.000000
  0.000000
  0.000000
  0.000000
  0.000000
  0.000000
  0.000000
  0.000000
  0.000000
  0.000000
  0.000000
  0.000000
  0.000000
  0.000000
  0.000000
  0.000000
  0.000000
  0.000000
  0.000000
  0.000000
  0.000000
  0.000000
  0.000000
  0.000000
  0.000000
  0.000000
  0.000000
  0.000000
  0.000000
  0.000000
  0.000000
  0.000000
  0.000000
  0.000000
  0.000000
  0.000000
  0.000000
  0.000000
  0.000000
  0.000000
  0.000000
  0.000000
  0.000000
  0.000000
  0.000000
  0.000000
  0.000000
  0.000000
  0.000000
  0.000000
  0.000000
  0.000000
  0.000000
  0.000000
  0.000000
  0.000000
  0.000000
  0.000000
  0.000000
  0.000000
  0.000000
  0.000000
  0.000000
  0.000000
  0.000000
  0.000000
  0.000000
  0.000000
  0.000000
  0.000000
  0.000000
  0.000000
  0.000000
  0.000000
  0.000000
  0.000000
  0.000000
  0.000000
  0.000000
  0.000000
  0.000000
  0.000000
  0.000000
  0.000000
  0.000000
  0.000000
  0.000000
  0.000000
  0.000000
  0.000000
  0.000000
  0.000000
  0.000000
  0.000000
  0.000000
  0.000000
  0.000000
  0.000000
  0.000000
  0.000000
  0.000000
  0.000000
  0.000000
  0.000000
  0.000000
  0.000000
  0.000000
  0.000000
  0.000000
  0.000000
  0.000000
  0.000000
  0.000000
  0.000000
  0.000000
  0.000000
  0.000000
  0.000000
  0.000000
  0.000000
  0.000000
  0.000000
  0.000000
  0.000000
  0.000000
  0.000000
  0.000000
  0.000000
  0.000000
  0.000000
  0.000000
  0.000000
  0.000000
  0.000000
  0.000000
  0.000000
  0.000000
  0.000000
  0.000000
  0.000000
  0.000000
  0.000000
  0.000000
  0.000000
  0.000000
  0.000000
  0.000000
  0.000000
  0.000000
  0.000000
  0.000000
  0.000000
  0.000000
  0.000000
  0.000000
  0.000000
  0.000000
  0.000000
  0.000000
  0.000000
  0.000000
  0.000000
  0.000000
  0.000000
  0.000000
  0.000000
  0.000000
  0.000000
  0.000000
  0.000000
  0.000000
  0.000000
  0.000000
  0.000000
  0.000000
  0.000000
  0.000000
  0.000000
  0.000000
  0.000000
  0.000000
  0.000000
  0.000000
  0.000000
  0.000000
  0.000000
  0.000000
  0.000000
  0.000000
  0.000000
  0.000000
  0.000000
  0.000000
  0.000000
  0.000000
  0.000000
  0.000000
  0.000000
  0.000000
  0.000000
  0.000000
  0.000000
  0.000000
  0.000000
  0.000000
  0.000000
  0.000000
  0.000000
  0.000000
  0.000000
  0.000000
  0.000000
  0.000000
  0.000000
  0.000000
  0.000000
  0.000000
  0.000000
  0.000000
  0.000000
  0.000000
  0.000000
  0.000000
  0.000000
  0.000000
  0.000000
  0.000000
  0.000000
  0.000000
  0.000000
  0.000000
  0.000000
  0.000000
  0.000000
  0.000000
  0.000000
  0.000000
  0.000000
  0.000000
  0.000000
  0.000000
  0.000000
  0.000000
  0.000000
  0.000000
  0.000000
  0.000000
  0.000000
  0.000000
  0.000000
  0.000000
  0.000000
  0.000000
  0.000000
  0.000000
  0.000000
  0.000000
  0.000000
  0.000000
  0.000000
  0.000000
  0.000000
  0.000000
  0.000000
  0.000000
  0.000000
  0.000000
  0.000000
  0.000000
  0.000000
  0.000000
  0.000000
  0.000000
  0.000000
  0.000000
  0.000000
  0.000000
  0.000000
  0.000000
  0.000000
  0.000000
  0.000000
  0.000000
