  -1.800   -1.800   -1.800       130.511508
  -1.800   -1.800   -1.200       258.853989
  -1.800   -1.800   -0.600       849.659153
  -1.800   -1.800   -0.000      1682.902369
  -1.800   -1.800    0.600      1106.111089
  -1.800   -1.800    1.200       300.190676
  -1.800   -1.800    1.800       169.516028
  -1.800   -1.800    2.400       914.676701
  -1.800   -1.200   -1.800       586.039048
  -1.800   -1.200   -1.200       166.024626
  -1.800   -1.200   -0.600       515.923253
  -1.800   -1.200   -0.000       997.227070
  -1.800   -1.200    0.600       556.387241
  -1.800   -1.200    1.200       140.844582
  -1.800   -1.200    1.800       226.040432
  -1.800   -1.200    2.400      2013.445308
  -1.800   -0.600   -1.800      7259.433303
  -1.800   -0.600   -1.200       362.080519
  -1.800   -0.600   -0.600       173.556328
  -1.800   -0.600   -0.000       278.270862
  -1.800   -0.600    0.600       164.788544
  -1.800   -0.600    1.200        54.872965
  -1.800   -0.600    1.800       177.955946
  -1.800   -0.600    2.400      1619.506009
  -1.800   -0.000   -1.800     34891.548793
  -1.800   -0.000   -1.200       813.280317
  -1.800   -0.000   -0.600        54.306422
  -1.800   -0.000   -0.000        37.008513
  -1.800   -0.000    0.600        22.930643
  -1.800   -0.000    1.200        12.719379
  -1.800   -0.000    1.800        69.131145
  -1.800   -0.000    2.400       473.768171
  -1.800    0.600   -1.800     20972.605125
  -1.800    0.600   -1.200       608.259179
  -1.800    0.600   -0.600        26.536817
  -1.800    0.600   -0.000         1.564944
  -1.800    0.600    0.600        -0.735895
  -1.800    0.600    1.200         0.084870
  -1.800    0.600    1.800        16.536429
  -1.800    0.600    2.400        96.725718
  -1.800    1.200   -1.800      2377.160391
  -1.800    1.200   -1.200       157.615508
  -1.800    1.200   -0.600         7.502164
  -1.800    1.200   -0.000        -2.799294
  -1.800    1.200    0.600        -3.456579
  -1.800    1.200    1.200        -2.834328
  -1.800    1.200    1.800         1.824023
  -1.800    1.200    2.400        22.389318
  -1.800    1.800   -1.800       165.919373
  -1.800    1.800   -1.200        20.083034
  -1.800    1.800   -0.600        -1.265812
  -1.800    1.800   -0.000        -3.571320
  -1.800    1.800    0.600        -3.725286
  -1.800    1.800    1.200        -3.564530
  -1.800    1.800    1.800        -2.347546
  -1.800    1.800    2.400         3.475431
  -1.800    2.400   -1.800        10.251559
  -1.800    2.400   -1.200         1.539718
  -1.800    2.400   -0.600        -0.684785
  -1.800    2.400   -0.000        -2.117029
  -1.800    2.400    0.600        -3.134066
  -1.800    2.400    1.200        -3.617147
  -1.800    2.400    1.800        -3.499117
  -1.800    2.400    2.400        -0.112664
  -1.200   -1.800   -1.800        96.827295
  -1.200   -1.800   -1.200        99.076582
  -1.200   -1.800   -0.600        77.967589
  -1.200   -1.800   -0.000        75.327573
  -1.200   -1.800    0.600        55.550202
  -1.200   -1.800    1.200        54.495401
  -1.200   -1.800    1.800       473.427903
  -1.200   -1.800    2.400      7732.387635
  -1.200   -1.200   -1.800       101.048394
  -1.200   -1.200   -1.200        24.008716
  -1.200   -1.200   -0.600        22.890659
  -1.200   -1.200   -0.000        30.991671
  -1.200   -1.200    0.600        22.586758
  -1.200   -1.200    1.200        27.335246
  -1.200   -1.200    1.800       254.247526
  -1.200   -1.200    2.400      3016.264418
  -1.200   -0.600   -1.800       511.641441
  -1.200   -0.600   -1.200        53.562280
  -1.200   -0.600   -0.600         9.237021
  -1.200   -0.600   -0.000         8.748241
  -1.200   -0.600    0.600         5.494640
  -1.200   -0.600    1.200         7.428232
  -1.200   -0.600    1.800        64.977335
  -1.200   -0.600    2.400       422.691626
  -1.200   -0.000   -1.800      1273.804747
  -1.200   -0.000   -1.200       102.292147
  -1.200   -0.000   -0.600         5.918384
  -1.200   -0.000   -0.000        -0.818268
  -1.200   -0.000    0.600        -1.893325
  -1.200   -0.000    1.200        -0.984051
  -1.200   -0.000    1.800        11.581940
  -1.200   -0.000    2.400        61.293354
  -1.200    0.600   -1.800       946.704425
  -1.200    0.600   -1.200        82.062136
  -1.200    0.600   -0.600         3.224693
  -1.200    0.600   -0.000        -3.119361
  -1.200    0.600    0.600        -3.597455
  -1.200    0.600    1.200        -3.261065
  -1.200    0.600    1.800        -0.406394
  -1.200    0.600    2.400         9.173308
  -1.200    1.200   -1.800       241.385273
  -1.200    1.200   -1.200        27.266310
  -1.200    1.200   -0.600        -0.829702
  -1.200    1.200   -0.000        -3.589749
  -1.200    1.200    0.600        -3.716997
  -1.200    1.200    1.200        -3.629219
  -1.200    1.200    1.800        -3.025581
  -1.200    1.200    2.400        -0.682908
  -1.200    1.800   -1.800        32.736358
  -1.200    1.800   -1.200         2.326632
  -1.200    1.800   -0.600        -3.207246
  -1.200    1.800   -0.000        -3.783683
  -1.200    1.800    0.600        -3.747061
  -1.200    1.800    1.200        -3.735329
  -1.200    1.800    1.800        -3.631800
  -1.200    1.800    2.400        -2.312071
  -1.200    2.400   -1.800         1.193220
  -1.200    2.400   -1.200        -1.033915
  -1.200    2.400   -0.600        -1.627844
  -1.200    2.400   -0.000        -2.525290
  -1.200    2.400    0.600        -3.264082
  -1.200    2.400    1.200        -3.655891
  -1.200    2.400    1.800        -3.724695
  -1.200    2.400    2.400        -0.999892
  -0.600   -1.800   -1.800       470.711346
  -0.600   -1.800   -1.200       469.989897
  -0.600   -1.800   -0.600       164.343870
  -0.600   -1.800   -0.000        31.551835
  -0.600   -1.800    0.600        19.434418
  -0.600   -1.800    1.200       205.335874
  -0.600   -1.800    1.800      4809.307351
  -0.600   -1.800    2.400    507250.631483
  -0.600   -1.200   -1.800        44.607562
  -0.600   -1.200   -1.200        19.313598
  -0.600   -1.200   -0.600         6.875122
  -0.600   -1.200   -0.000         0.386819
  -0.600   -1.200    0.600         4.891300
  -0.600   -1.200    1.200        89.480912
  -0.600   -1.200    1.800      1848.251934
  -0.600   -1.200    2.400     84681.824615
  -0.600   -0.600   -1.800        86.087945
  -0.600   -0.600   -1.200         5.844991
  -0.600   -0.600   -0.600        -2.848666
  -0.600   -0.600   -0.000        -3.739099
  -0.600   -0.600    0.600        -1.848236
  -0.600   -0.600    1.200        18.961337
  -0.600   -0.600    1.800       251.917225
  -0.600   -0.600    2.400      3048.683811
  -0.600   -0.000   -1.800       139.625689
  -0.600   -0.000   -1.200        10.263742
  -0.600   -0.000   -0.600        -2.941909
  -0.600   -0.000   -0.000        -4.164422
  -0.600   -0.000    0.600        -3.810713
  -0.600   -0.000    1.200        -0.451429
  -0.600   -0.000    1.800        20.913826
  -0.600   -0.000    2.400       120.280255
  -0.600    0.600   -1.800       103.841965
  -0.600    0.600   -1.200         7.855710
  -0.600    0.600   -0.600        -2.988301
  -0.600    0.600   -0.000        -3.992522
  -0.600    0.600    0.600        -3.939505
  -0.600    0.600    1.200        -3.572605
  -0.600    0.600    1.800        -1.804007
  -0.600    0.600    2.400         3.327475
  -0.600    1.200   -1.800        36.478671
  -0.600    1.200   -1.200         1.084580
  -0.600    1.200   -0.600        -3.586441
  -0.600    1.200   -0.000        -3.901451
  -0.600    1.200    0.600        -3.783592
  -0.600    1.200    1.200        -3.758040
  -0.600    1.200    1.800        -3.744236
  -0.600    1.200    2.400        -3.459902
  -0.600    1.800   -1.800         5.079209
  -0.600    1.800   -1.200        -2.861129
  -0.600    1.800   -0.600        -3.990885
  -0.600    1.800   -0.000        -3.956421
  -0.600    1.800    0.600        -3.815135
  -0.600    1.800    1.200        -3.782989
  -0.600    1.800    1.800        -3.850579
  -0.600    1.800    2.400        -3.436427
  -0.600    2.400   -1.800        -0.353405
  -0.600    2.400   -1.200        -1.550176
  -0.600    2.400   -0.600        -2.291427
  -0.600    2.400   -0.000        -3.067262
  -0.600    2.400    0.600        -3.539555
  -0.600    2.400    1.200        -3.774206
  -0.600    2.400    1.800        -3.863172
  -0.600    2.400    2.400        -2.238221
  -0.000   -1.800   -1.800      1221.220097
  -0.000   -1.800   -1.200      1243.103898
  -0.000   -1.800   -0.600       397.212478
  -0.000   -1.800   -0.000        76.785048
  -0.000   -1.800    0.600        72.335119
  -0.000   -1.800    1.200      1081.154714
  -0.000   -1.800    1.800     30076.513925
  -0.000   -1.800    2.400   7529728.146393
  -0.000   -1.200   -1.800        47.470577
  -0.000   -1.200   -1.200        36.562525
  -0.000   -1.200   -0.600        17.003420
  -0.000   -1.200   -0.000         4.671199
  -0.000   -1.200    0.600        22.702547
  -0.000   -1.200    1.200       309.975819
  -0.000   -1.200    1.800      6112.698431
  -0.000   -1.200    2.400    551958.393293
  -0.000   -0.600   -1.800        35.369352
  -0.000   -0.600   -1.200        -0.083765
  -0.000   -0.600   -0.600        -3.384150
  -0.000   -0.600   -0.000        -3.619101
  -0.000   -0.600    0.600         2.451267
  -0.000   -0.600    1.200        55.966473
  -0.000   -0.600    1.800       601.183439
  -0.000   -0.600    2.400      8609.035552
  -0.000   -0.000   -1.800        50.521849
  -0.000   -0.000   -1.200        -0.825582
  -0.000   -0.000   -0.600        -4.386366
  -0.000   -0.000   -0.000        -4.393130
  -0.000   -0.000    0.600        -3.039772
  -0.000   -0.000    1.200         4.791376
  -0.000   -0.000    1.800        46.410554
  -0.000   -0.000    2.400       236.958864
  -0.000    0.600   -1.800        34.768972
  -0.000    0.600   -1.200        -1.500025
  -0.000    0.600   -0.600        -4.198142
  -0.000    0.600   -0.000        -4.208637
  -0.000    0.600    0.600        -3.914206
  -0.000    0.600    1.200        -2.985498
  -0.000    0.600    1.800         0.193488
  -0.000    0.600    2.400         7.943634
  -0.000    1.200   -1.800        11.277170
  -0.000    1.200   -1.200        -2.691876
  -0.000    1.200   -0.600        -4.016046
  -0.000    1.200   -0.000        -4.030249
  -0.000    1.200    0.600        -3.898510
  -0.000    1.200    1.200        -3.793329
  -0.000    1.200    1.800        -3.679492
  -0.000    1.200    2.400        -3.473194
  -0.000    1.800   -1.800         4.185037
  -0.000    1.800   -1.200        -0.984208
  -0.000    1.800   -0.600        -2.985695
  -0.000    1.800   -0.000        -3.797346
  -0.000    1.800    0.600        -3.920298
  -0.000    1.800    1.200        -3.887020
  -0.000    1.800    1.800        -3.935680
  -0.000    1.800    2.400        -3.890612
  -0.000    2.400   -1.800        24.776754
  -0.000    2.400   -1.200        13.795586
  -0.000    2.400   -0.600         2.774453
  -0.000    2.400   -0.000        -2.290458
  -0.000    2.400    0.600        -3.686079
  -0.000    2.400    1.200        -3.964692
  -0.000    2.400    1.800        -4.034031
  -0.000    2.400    2.400        -3.407806
   0.600   -1.800   -1.800       990.286076
   0.600   -1.800   -1.200      1194.243153
   0.600   -1.800   -0.600       692.296296
   0.600   -1.800   -0.000       264.343764
   0.600   -1.800    0.600       219.962496
   0.600   -1.800    1.200      4373.926037
   0.600   -1.800    1.800    290386.106186
   0.600   -1.800    2.400  35725664.955975
   0.600   -1.200   -1.800        44.068021
   0.600   -1.200   -1.200        51.922097
   0.600   -1.200   -0.600        43.029542
   0.600   -1.200   -0.000        24.948620
   0.600   -1.200    0.600        69.434649
   0.600   -1.200    1.200       893.136189
   0.600   -1.200    1.800     14451.580362
   0.600   -1.200    2.400    236019.437566
   0.600   -0.600   -1.800        11.162879
   0.600   -0.600   -1.200        -0.404569
   0.600   -0.600   -0.600        -1.484090
   0.600   -0.600   -0.000        -0.982733
   0.600   -0.600    0.600        15.002375
   0.600   -0.600    1.200       148.456477
   0.600   -0.600    1.800      1031.586689
   0.600   -0.600    2.400      5994.771790
   0.600   -0.000   -1.800        12.947677
   0.600   -0.000   -1.200        -2.983178
   0.600   -0.000   -0.600        -4.290990
   0.600   -0.000   -0.000        -4.011839
   0.600   -0.000    0.600        -0.399380
   0.600   -0.000    1.200        19.332318
   0.600   -0.000    1.800        94.786943
   0.600   -0.000    2.400       280.569301
   0.600    0.600   -1.800        10.298560
   0.600    0.600   -1.200        -1.281236
   0.600    0.600   -0.600        -3.179823
   0.600    0.600   -0.000        -3.926406
   0.600    0.600    0.600        -3.579557
   0.600    0.600    1.200        -1.120198
   0.600    0.600    1.800         5.579450
   0.600    0.600    2.400        15.830297
   0.600    1.200   -1.800         9.971302
   0.600    1.200   -1.200         3.689240
   0.600    1.200   -0.600        -0.449129
   0.600    1.200   -0.000        -3.092768
   0.600    1.200    0.600        -3.877255
   0.600    1.200    1.200        -3.756606
   0.600    1.200    1.800        -3.262557
   0.600    1.200    2.400        -2.771342
   0.600    1.800   -1.800        39.513249
   0.600    1.800   -1.200        24.792594
   0.600    1.800   -0.600         7.724132
   0.600    1.800   -0.000        -1.110923
   0.600    1.800    0.600        -3.650790
   0.600    1.800    1.200        -4.037464
   0.600    1.800    1.800        -4.047235
   0.600    1.800    2.400        -4.072999
   0.600    2.400   -1.800       333.282942
   0.600    2.400   -1.200       185.638367
   0.600    2.400   -0.600        50.419488
   0.600    2.400   -0.000         6.295203
   0.600    2.400    0.600        -2.751530
   0.600    2.400    1.200        -4.100522
   0.600    2.400    1.800        -4.150106
   0.600    2.400    2.400        -3.766517
   1.200   -1.800   -1.800       754.902519
   1.200   -1.800   -1.200      3070.351476
   1.200   -1.800   -0.600      5485.297356
   1.200   -1.800   -0.000      2184.993356
   1.200   -1.800    0.600       606.521885
   1.200   -1.800    1.200      8289.589711
   1.200   -1.800    1.800    588930.718747
   1.200   -1.800    2.400 146582984.190685
   1.200   -1.200   -1.800        68.251374
   1.200   -1.200   -1.200       131.174104
   1.200   -1.200   -0.600       179.619700
   1.200   -1.200   -0.000       109.572266
   1.200   -1.200    0.600       188.043733
   1.200   -1.200    1.200      2913.185538
   1.200   -1.200    1.800     58870.809094
   1.200   -1.200    2.400    565774.808893
   1.200   -0.600   -1.800        10.499890
   1.200   -0.600   -1.200         4.616736
   1.200   -0.600   -0.600         5.263341
   1.200   -0.600   -0.000         6.123816
   1.200   -0.600    0.600        51.670126
   1.200   -0.600    1.200       591.362866
   1.200   -0.600    1.800      5536.889550
   1.200   -0.600    2.400     22899.901805
   1.200   -0.000   -1.800         8.886183
   1.200   -0.000   -1.200         4.290715
   1.200   -0.000   -0.600         0.164034
   1.200   -0.000   -0.000        -1.780945
   1.200   -0.000    0.600         7.265291
   1.200   -0.000    1.200        75.075381
   1.200   -0.000    1.800       383.248887
   1.200   -0.000    2.400       951.932866
   1.200    0.600   -1.800        42.097144
   1.200    0.600   -1.200        39.017969
   1.200    0.600   -0.600        15.777384
   1.200    0.600   -0.000         1.109789
   1.200    0.600    0.600        -1.755217
   1.200    0.600    1.200         4.588051
   1.200    0.600    1.800        24.730130
   1.200    0.600    2.400        49.963940
   1.200    1.200   -1.800       136.430032
   1.200    1.200   -1.200       129.352977
   1.200    1.200   -0.600        51.899204
   1.200    1.200   -0.000         8.907771
   1.200    1.200    0.600        -2.018458
   1.200    1.200    1.200        -3.251710
   1.200    1.200    1.800        -2.009528
   1.200    1.200    2.400        -0.629917
   1.200    1.800   -1.800       354.111542
   1.200    1.800   -1.200       279.925605
   1.200    1.800   -0.600       104.388571
   1.200    1.800   -0.000        20.084321
   1.200    1.800    0.600        -0.511664
   1.200    1.800    1.200        -3.889360
   1.200    1.800    1.800        -4.101988
   1.200    1.800    2.400        -3.896586
   1.200    2.400   -1.800      3941.899658
   1.200    2.400   -1.200      1833.726325
   1.200    2.400   -0.600       376.120914
   1.200    2.400   -0.000        53.401795
   1.200    2.400    0.600         3.026369
   1.200    2.400    1.200        -3.683352
   1.200    2.400    1.800        -3.905079
   1.200    2.400    2.400        -2.468910
   1.800   -1.800   -1.800      1746.613576
   1.800   -1.800   -1.200     16625.030314
   1.800   -1.800   -0.600     42115.190832
   1.800   -1.800   -0.000     12068.258996
   1.800   -1.800    0.600      1552.276702
   1.800   -1.800    1.200     25369.272673
   1.800   -1.800    1.800   4906310.691353
   1.800   -1.800    2.400 3179130341.617567
   1.800   -1.200   -1.800       176.437976
   1.800   -1.200   -1.200       333.742709
   1.800   -1.200   -0.600       524.177484
   1.800   -1.200   -0.000       290.243149
   1.800   -1.200    0.600       461.589891
   1.800   -1.200    1.200     15611.326947
   1.800   -1.200    1.800   1793521.193147
   1.800   -1.200    2.400 245635156.497643
   1.800   -0.600   -1.800        40.923076
   1.800   -0.600   -1.200        20.197377
   1.800   -0.600   -0.600        19.263988
   1.800   -0.600   -0.000        17.851980
   1.800   -0.600    0.600       129.514364
   1.800   -0.600    1.200      2390.104711
   1.800   -0.600    1.800     52064.142392
   1.800   -0.600    2.400    483217.913472
   1.800   -0.000   -1.800        92.760229
   1.800   -0.000   -1.200        88.794535
   1.800   -0.000   -0.600        39.117365
   1.800   -0.000   -0.000        10.138008
   1.800   -0.000    0.600        22.339243
   1.800   -0.000    1.200       213.390673
   1.800   -0.000    1.800      1479.854509
   1.800   -0.000    2.400      4621.017075
   1.800    0.600   -1.800       904.579405
   1.800    0.600   -1.200       895.514828
   1.800    0.600   -0.600       284.758168
   1.800    0.600   -0.000        47.451760
   1.800    0.600    0.600         6.536784
   1.800    0.600    1.200        15.277223
   1.800    0.600    1.800        65.202981
   1.800    0.600    2.400       134.340803
   1.800    1.200   -1.800      5202.621801
   1.800    1.200   -1.200      5086.665258
   1.800    1.200   -0.600      1154.062341
   1.800    1.200   -0.000       135.391548
   1.800    1.200    0.600        11.874368
   1.800    1.200    1.200        -1.175576
   1.800    1.200    1.800         0.149960
   1.800    1.200    2.400         3.159150
   1.800    1.800   -1.800      8374.938520
   1.800    1.800   -1.200      7944.756902
   1.800    1.800   -0.600      1764.437607
   1.800    1.800   -0.000       207.160937
   1.800    1.800    0.600        18.957194
   1.800    1.800    1.200        -1.962013
   1.800    1.800    1.800        -3.642450
   1.800    1.800    2.400        -2.329248
   1.800    2.400   -1.800     31570.321015
   1.800    2.400   -1.200     15305.060441
   1.800    2.400   -0.600      2762.453566
   1.800    2.400   -0.000       315.931898
   1.800    2.400    0.600        29.140390
   1.800    2.400    1.200        -1.017898
   1.800    2.400    1.800        -2.175516
   1.800    2.400    2.400         4.316902
   2.400   -1.800   -1.800      1953.307447
   2.400   -1.800   -1.200     17616.596726
   2.400   -1.800   -0.600     45368.071225
   2.400   -1.800   -0.000     12815.930731
   2.400   -1.800    0.600      1730.259301
   2.400   -1.800    1.200     45692.409356
   2.400   -1.800    1.800  27442227.363358
   2.400   -1.800    2.400 10222286180749.792969
   2.400   -1.200   -1.800       317.217558
   2.400   -1.200   -1.200       348.909469
   2.400   -1.200   -0.600       544.294228
   2.400   -1.200   -0.000       305.199075
   2.400   -1.200    0.600       595.078139
   2.400   -1.200    1.200     28135.025534
   2.400   -1.200    1.800   7509441.736479
   2.400   -1.200    2.400 12833065125.326515
   2.400   -0.600   -1.800       114.188775
   2.400   -0.600   -1.200        63.571267
   2.400   -0.600   -0.600        46.883736
   2.400   -0.600   -0.000        31.092818
   2.400   -0.600    0.600       169.264331
   2.400   -0.600    1.200      3669.488612
   2.400   -0.600    1.800    110145.658157
   2.400   -0.600    2.400   1485882.092105
   2.400   -0.000   -1.800       789.454108
   2.400   -0.000   -1.200       819.167142
   2.400   -0.000   -0.600       324.835715
   2.400   -0.000   -0.000        81.282156
   2.400   -0.000    0.600        41.391526
   2.400   -0.000    1.200       287.093308
   2.400   -0.000    1.800      2209.385702
   2.400   -0.000    2.400      7531.086059
   2.400    0.600   -1.800     26342.910975
   2.400    0.600   -1.200     25790.379928
   2.400    0.600   -0.600      4127.564419
   2.400    0.600   -0.000       415.089034
   2.400    0.600    0.600        50.034958
   2.400    0.600    1.200        24.418127
   2.400    0.600    1.800        84.503921
   2.400    0.600    2.400       176.968514
   2.400    1.200   -1.800    832737.120516
   2.400    1.200   -1.200    790540.667716
   2.400    1.200   -0.600     38232.575074
   2.400    1.200   -0.000      1361.858139
   2.400    1.200    0.600        93.356942
   2.400    1.200    1.200         7.050456
   2.400    1.200    1.800         2.091386
   2.400    1.200    2.400         6.687294
   2.400    1.800   -1.800   1818020.760050
   2.400    1.800   -1.200   1712058.108515
   2.400    1.800   -0.600     62195.827827
   2.400    1.800   -0.000      1881.419900
   2.400    1.800    0.600       114.161884
   2.400    1.800    1.200         7.080614
   2.400    1.800    1.800        -0.326937
   2.400    1.800    2.400         9.403802
   2.400    2.400   -1.800    730286.407232
   2.400    2.400   -1.200    601310.783065
   2.400    2.400   -0.600     45621.161347
   2.400    2.400   -0.000      2118.938726
   2.400    2.400    0.600       135.628029
   2.400    2.400    1.200         9.360392
   2.400    2.400    1.800         6.868088
   2.400    2.400    2.400        47.698181
