  -1.800   -1.800   -1.800       466.783080
  -1.800   -1.800   -1.200       896.579986
  -1.800   -1.800   -0.600      2900.382890
  -1.800   -1.800   -0.000      5677.352269
  -1.800   -1.800    0.600      3694.845992
  -1.800   -1.800    1.200      1017.978128
  -1.800   -1.800    1.800       589.065171
  -1.800   -1.800    2.400      2980.720263
  -1.800   -1.200   -1.800      2022.021022
  -1.800   -1.200   -1.200       615.657341
  -1.800   -1.200   -0.600      1869.120438
  -1.800   -1.200   -0.000      3576.851131
  -1.800   -1.200    0.600      2000.948717
  -1.800   -1.200    1.200       519.389369
  -1.800   -1.200    1.800       753.982660
  -1.800   -1.200    2.400      6319.111793
  -1.800   -0.600   -1.800     24465.971915
  -1.800   -0.600   -1.200      1270.227460
  -1.800   -0.600   -0.600       651.743433
  -1.800   -0.600   -0.000      1028.480610
  -1.800   -0.600    0.600       618.316899
  -1.800   -0.600    1.200       215.446878
  -1.800   -0.600    1.800       587.525894
  -1.800   -0.600    2.400      5053.597074
  -1.800   -0.000   -1.800    117227.717518
  -1.800   -0.000   -1.200      2783.780612
  -1.800   -0.000   -0.600       213.434233
  -1.800   -0.000   -0.000       153.578915
  -1.800   -0.000    0.600       101.020751
  -1.800   -0.000    1.200        60.567545
  -1.800   -0.000    1.800       237.526937
  -1.800   -0.000    2.400      1499.672584
  -1.800    0.600   -1.800     70507.235495
  -1.800    0.600   -1.200      2085.713056
  -1.800    0.600   -0.600       108.268397
  -1.800    0.600   -0.000        19.068147
  -1.800    0.600    0.600         9.668488
  -1.800    0.600    1.200        12.044858
  -1.800    0.600    1.800        66.438715
  -1.800    0.600    2.400       322.462115
  -1.800    1.200   -1.800      8043.333936
  -1.800    1.200   -1.200       556.221339
  -1.800    1.200   -0.600        38.681023
  -1.800    1.200   -0.000         0.157969
  -1.800    1.200    0.600        -3.027798
  -1.800    1.200    1.200        -0.555617
  -1.800    1.200    1.800        16.263266
  -1.800    1.200    2.400        84.741998
  -1.800    1.800   -1.800       585.087268
  -1.800    1.800   -1.200        83.930295
  -1.800    1.800   -0.600         6.579713
  -1.800    1.800   -0.000        -3.386334
  -1.800    1.800    0.600        -4.617624
  -1.800    1.800    1.200        -3.857136
  -1.800    1.800    1.800         1.336876
  -1.800    1.800    2.400        22.534235
  -1.800    2.400   -1.800        51.583127
  -1.800    2.400   -1.200        18.620990
  -1.800    2.400   -0.600         9.042751
  -1.800    2.400   -0.000         3.127561
  -1.800    2.400    0.600        -0.986295
  -1.800    2.400    1.200        -2.875418
  -1.800    2.400    1.800        -1.944109
  -1.800    2.400    2.400        10.973237
  -1.200   -1.800   -1.800       361.031215
  -1.200   -1.800   -1.200       367.449081
  -1.200   -1.800   -0.600       292.914358
  -1.200   -1.800   -0.000       279.182890
  -1.200   -1.800    0.600       211.046669
  -1.200   -1.800    1.200       216.390083
  -1.200   -1.800    1.800      1718.913003
  -1.200   -1.800    2.400     27620.329953
  -1.200   -1.200   -1.800       370.563599
  -1.200   -1.200   -1.200       108.512560
  -1.200   -1.200   -0.600       104.275181
  -1.200   -1.200   -0.000       131.977492
  -1.200   -1.200    0.600       101.792993
  -1.200   -1.200    1.200       121.282634
  -1.200   -1.200    1.800       937.140759
  -1.200   -1.200    2.400     10793.839054
  -1.200   -0.600   -1.800      1752.567986
  -1.200   -0.600   -1.200       206.454577
  -1.200   -0.600   -0.600        52.246395
  -1.200   -0.600   -0.000        49.604564
  -1.200   -0.600    0.600        37.576003
  -1.200   -0.600    1.200        45.589127
  -1.200   -0.600    1.800       252.734496
  -1.200   -0.600    2.400      1518.152745
  -1.200   -0.000   -1.800      4316.094148
  -1.200   -0.000   -1.200       370.008442
  -1.200   -0.000   -0.600        36.317583
  -1.200   -0.000   -0.000        10.798948
  -1.200   -0.000    0.600         6.443671
  -1.200   -0.000    1.200        10.485636
  -1.200   -0.000    1.800        56.417756
  -1.200   -0.000    2.400       228.924891
  -1.200    0.600   -1.800      3216.397858
  -1.200    0.600   -1.200       298.837154
  -1.200    0.600   -0.600        24.056627
  -1.200    0.600   -0.000        -0.525463
  -1.200    0.600    0.600        -2.887303
  -1.200    0.600    1.200        -1.110315
  -1.200    0.600    1.800        10.385200
  -1.200    0.600    2.400        44.933440
  -1.200    1.200   -1.800       839.129599
  -1.200    1.200   -1.200       109.259042
  -1.200    1.200   -0.600         8.153716
  -1.200    1.200   -0.000        -3.713182
  -1.200    1.200    0.600        -4.882667
  -1.200    1.200    1.200        -4.259204
  -1.200    1.200    1.800        -0.976388
  -1.200    1.200    2.400         8.910664
  -1.200    1.800   -1.800       129.969948
  -1.200    1.800   -1.200        21.675669
  -1.200    1.800   -0.600        -0.647083
  -1.200    1.800   -0.000        -4.381013
  -1.200    1.800    0.600        -4.999765
  -1.200    1.800    1.200        -4.945596
  -1.200    1.800    1.800        -3.776491
  -1.200    1.800    2.400         2.428573
  -1.200    2.400   -1.800        20.687256
  -1.200    2.400   -1.200        10.232501
  -1.200    2.400   -0.600         6.324886
  -1.200    2.400   -0.000         2.025904
  -1.200    2.400    0.600        -1.397136
  -1.200    2.400    1.200        -3.196645
  -1.200    2.400    1.800        -3.110264
  -1.200    2.400    2.400         7.408140
  -0.600   -1.800   -1.800      1627.659561
  -0.600   -1.800   -1.200      1624.415404
  -0.600   -1.800   -0.600       587.412776
  -0.600   -1.800   -0.000       133.110049
  -0.600   -1.800    0.600        90.738358
  -0.600   -1.800    1.200       724.290803
  -0.600   -1.800    1.800     16857.987728
  -0.600   -1.800    2.400   1804945.166415
  -0.600   -1.200   -1.800       173.605317
  -0.600   -1.200   -1.200        88.151162
  -0.600   -1.200   -0.600        43.331110
  -0.600   -1.200   -0.000        19.905706
  -0.600   -1.200    0.600        36.523199
  -0.600   -1.200    1.200       335.760790
  -0.600   -1.200    1.800      6580.336105
  -0.600   -1.200    2.400    301626.672504
  -0.600   -0.600   -1.800       302.906966
  -0.600   -0.600   -1.200        37.505945
  -0.600   -0.600   -0.600         5.055562
  -0.600   -0.600   -0.000         0.979288
  -0.600   -0.600    0.600         8.598139
  -0.600   -0.600    1.200        86.153891
  -0.600   -0.600    1.800       926.119862
  -0.600   -0.600    2.400     10929.670372
  -0.600   -0.000   -1.800       477.280476
  -0.600   -0.000   -1.200        50.727424
  -0.600   -0.000   -0.600         2.145091
  -0.600   -0.000   -0.000        -3.579496
  -0.600   -0.000    0.600        -2.035965
  -0.600   -0.000    1.200        12.141426
  -0.600   -0.000    1.800        93.440730
  -0.600   -0.000    2.400       457.267064
  -0.600    0.600   -1.800       361.539663
  -0.600    0.600   -1.200        41.374321
  -0.600    0.600   -0.600         0.511856
  -0.600    0.600   -0.000        -4.771728
  -0.600    0.600    0.600        -4.881994
  -0.600    0.600    1.200        -2.634960
  -0.600    0.600    1.800         5.856224
  -0.600    0.600    2.400        27.381419
  -0.600    1.200   -1.800       139.677426
  -0.600    1.200   -1.200        17.217171
  -0.600    1.200   -0.600        -2.253496
  -0.600    1.200   -0.000        -5.147168
  -0.600    1.200    0.600        -5.379755
  -0.600    1.200    1.200        -5.047803
  -0.600    1.200    1.800        -3.939765
  -0.600    1.200    2.400        -1.131133
  -0.600    1.800   -1.800        34.328763
  -0.600    1.800   -1.200         3.415495
  -0.600    1.800   -0.600        -3.250618
  -0.600    1.800   -0.000        -4.811605
  -0.600    1.800    0.600        -5.209778
  -0.600    1.800    1.200        -5.294212
  -0.600    1.800    1.800        -4.981015
  -0.600    1.800    2.400        -2.157814
  -0.600    2.400   -1.800        16.561319
  -0.600    2.400   -1.200         9.513755
  -0.600    2.400   -0.600         4.922502
  -0.600    2.400   -0.000         0.631274
  -0.600    2.400    0.600        -2.251235
  -0.600    2.400    1.200        -3.762754
  -0.600    2.400    1.800        -3.955595
  -0.600    2.400    2.400         2.713212
  -0.000   -1.800   -1.800      4160.100337
  -0.000   -1.800   -1.200      4232.177721
  -0.000   -1.800   -0.600      1376.224580
  -0.000   -1.800   -0.000       289.015008
  -0.000   -1.800    0.600       264.578216
  -0.000   -1.800    1.200      3482.574286
  -0.000   -1.800    1.800     98212.529894
  -0.000   -1.800    2.400  26682696.179430
  -0.000   -1.200   -1.800       183.923838
  -0.000   -1.200   -1.200       147.183077
  -0.000   -1.200   -0.600        78.508370
  -0.000   -1.200   -0.000        35.154868
  -0.000   -1.200    0.600        95.758888
  -0.000   -1.200    1.200      1047.661800
  -0.000   -1.200    1.800     20937.206415
  -0.000   -1.200    2.400   1960688.390206
  -0.000   -0.600   -1.800       132.212403
  -0.000   -0.600   -1.200        15.600837
  -0.000   -0.600   -0.600         2.484446
  -0.000   -0.600   -0.000         1.163987
  -0.000   -0.600    0.600        23.358636
  -0.000   -0.600    1.200       209.884275
  -0.000   -0.600    1.800      2118.816259
  -0.000   -0.600    2.400     30594.266961
  -0.000   -0.000   -1.800       178.617214
  -0.000   -0.000   -1.200        10.760741
  -0.000   -0.000   -0.600        -3.633305
  -0.000   -0.000   -0.000        -4.546038
  -0.000   -0.000    0.600         0.866802
  -0.000   -0.000    1.200        30.690797
  -0.000   -0.000    1.800       182.214309
  -0.000   -0.000    2.400       869.383688
  -0.000    0.600   -1.800       128.822896
  -0.000    0.600   -1.200         8.000900
  -0.000    0.600   -0.600        -3.897720
  -0.000    0.600   -0.000        -5.330370
  -0.000    0.600    0.600        -4.464307
  -0.000    0.600    1.200        -0.176386
  -0.000    0.600    1.800        13.294897
  -0.000    0.600    2.400        44.186036
  -0.000    1.200   -1.800        54.340212
  -0.000    1.200   -1.200         4.308833
  -0.000    1.200   -0.600        -3.131816
  -0.000    1.200   -0.000        -4.951066
  -0.000    1.200    0.600        -5.301679
  -0.000    1.200    1.200        -4.872012
  -0.000    1.200    1.800        -3.603385
  -0.000    1.200    2.400        -1.310356
  -0.000    1.800   -1.800        32.531249
  -0.000    1.800   -1.200        11.030728
  -0.000    1.800   -0.600         1.481611
  -0.000    1.800   -0.000        -3.275966
  -0.000    1.800    0.600        -4.986081
  -0.000    1.800    1.200        -5.398489
  -0.000    1.800    1.800        -5.303858
  -0.000    1.800    2.400        -4.058107
  -0.000    2.400   -1.800       100.528280
  -0.000    2.400   -1.200        61.266645
  -0.000    2.400   -0.600        23.099894
  -0.000    2.400   -0.000         4.196971
  -0.000    2.400    0.600        -2.308165
  -0.000    2.400    1.200        -4.332690
  -0.000    2.400    1.800        -4.707579
  -0.000    2.400    2.400        -1.616352
   0.600   -1.800   -1.800      3376.481153
   0.600   -1.800   -1.200      4057.500461
   0.600   -1.800   -0.600      2366.917841
   0.600   -1.800   -0.000       926.131555
   0.600   -1.800    0.600       744.126997
   0.600   -1.800    1.200     13612.137368
   0.600   -1.800    1.800    893649.783988
   0.600   -1.800    2.400 109932996.180306
   0.600   -1.200   -1.800       174.276106
   0.600   -1.200   -1.200       201.445775
   0.600   -1.200   -0.600       170.079908
   0.600   -1.200   -0.000       107.179298
   0.600   -1.200    0.600       247.998545
   0.600   -1.200    1.200      2843.582305
   0.600   -1.200    1.800     45526.278735
   0.600   -1.200    2.400    781151.561477
   0.600   -0.600   -1.800        54.845655
   0.600   -0.600   -1.200        15.398397
   0.600   -0.600   -0.600        10.400766
   0.600   -0.600   -0.000        11.746298
   0.600   -0.600    0.600        65.575166
   0.600   -0.600    1.200       499.131134
   0.600   -0.600    1.800      3370.233176
   0.600   -0.600    2.400     20322.564346
   0.600   -0.000   -1.800        58.725534
   0.600   -0.000   -1.200         4.245172
   0.600   -0.000   -0.600        -2.141323
   0.600   -0.000   -0.000        -1.964405
   0.600   -0.000    0.600        10.851935
   0.600   -0.000    1.200        78.303973
   0.600   -0.000    1.800       331.476667
   0.600   -0.000    2.400       970.609852
   0.600    0.600   -1.800        51.892718
   0.600    0.600   -1.200        10.610059
   0.600    0.600   -0.600         1.461881
   0.600    0.600   -0.000        -2.771743
   0.600    0.600    0.600        -2.072090
   0.600    0.600    1.200         7.000920
   0.600    0.600    1.800        31.411024
   0.600    0.600    2.400        69.093225
   0.600    1.200   -1.800        54.360106
   0.600    1.200   -1.200        29.312710
   0.600    1.200   -0.600        11.959961
   0.600    1.200   -0.000         0.400878
   0.600    1.200    0.600        -3.809675
   0.600    1.200    1.200        -3.815493
   0.600    1.200    1.800        -1.598600
   0.600    1.200    2.400         1.294968
   0.600    1.800   -1.800       152.144720
   0.600    1.800   -1.200        99.782864
   0.600    1.800   -0.600        40.656361
   0.600    1.800   -0.000         8.301155
   0.600    1.800    0.600        -2.533340
   0.600    1.800    1.200        -5.038092
   0.600    1.800    1.800        -5.208702
   0.600    1.800    2.400        -4.542260
   0.600    2.400   -1.800      1071.004048
   0.600    2.400   -1.200       605.585004
   0.600    2.400   -0.600       178.442752
   0.600    2.400   -0.000        34.535501
   0.600    2.400    0.600         2.130173
   0.600    2.400    1.200        -4.130402
   0.600    2.400    1.800        -4.787238
   0.600    2.400    2.400        -2.787790
   1.200   -1.800   -1.800      2570.136475
   1.200   -1.800   -1.200     10354.857444
   1.200   -1.800   -0.600     18483.393756
   1.200   -1.800   -0.000      7401.761470
   1.200   -1.800    0.600      2021.752959
   1.200   -1.800    1.200     25646.828719
   1.200   -1.800    1.800   1807454.690861
   1.200   -1.800    2.400 449495018.065641
   1.200   -1.200   -1.800       255.069852
   1.200   -1.200   -1.200       473.464159
   1.200   -1.200   -0.600       637.830439
   1.200   -1.200   -0.000       398.352969
   1.200   -1.200    0.600       627.676431
   1.200   -1.200    1.200      9056.098551
   1.200   -1.200    1.800    181102.618695
   1.200   -1.200    2.400   1738276.722683
   1.200   -0.600   -1.800        55.006724
   1.200   -0.600   -1.200        35.193109
   1.200   -0.600   -0.600        36.431592
   1.200   -0.600   -0.000        38.391987
   1.200   -0.600    0.600       183.799250
   1.200   -0.600    1.200      1868.637405
   1.200   -0.600    1.800     17142.370117
   1.200   -0.600    2.400     70705.131605
   1.200   -0.000   -1.800        50.426174
   1.200   -0.000   -1.200        32.751654
   1.200   -0.000   -0.600        16.427123
   1.200   -0.000   -0.000         8.273241
   1.200   -0.000    0.600        37.567552
   1.200   -0.000    1.200       254.216419
   1.200   -0.000    1.800      1220.518351
   1.200   -0.000    2.400      2998.392299
   1.200    0.600   -1.800       167.742592
   1.200    0.600   -1.200       154.149241
   1.200    0.600   -0.600        71.329317
   1.200    0.600   -0.000        18.056182
   1.200    0.600    0.600         6.405207
   1.200    0.600    1.200        26.924538
   1.200    0.600    1.800        92.726929
   1.200    0.600    2.400       175.170906
   1.200    1.200   -1.800       491.198133
   1.200    1.200   -1.200       463.600645
   1.200    1.200   -0.600       196.838316
   1.200    1.200   -0.000        46.054011
   1.200    1.200    0.600         5.379439
   1.200    1.200    1.200        -0.429364
   1.200    1.200    1.800         3.583054
   1.200    1.200    2.400         8.904124
   1.200    1.800   -1.800      1186.023661
   1.200    1.800   -1.200       947.463129
   1.200    1.800   -0.600       368.892473
   1.200    1.800   -0.000        84.558699
   1.200    1.800    0.600        11.197321
   1.200    1.800    1.200        -2.753486
   1.200    1.800    1.800        -4.268233
   1.200    1.800    2.400        -3.167350
   1.200    2.400   -1.800     12232.225776
   1.200    2.400   -1.200      5731.772484
   1.200    2.400   -0.600      1210.751527
   1.200    2.400   -0.000       191.062668
   1.200    2.400    0.600        24.096127
   1.200    2.400    1.200        -1.068252
   1.200    2.400    1.800        -2.845178
   1.200    2.400    2.400         2.396088
   1.800   -1.800   -1.800      5891.306398
   1.800   -1.800   -1.200     55904.037827
   1.800   -1.800   -0.600    141473.191238
   1.800   -1.800   -0.000     40624.014441
   1.800   -1.800    0.600      5145.636270
   1.800   -1.800    1.200     78100.012163
   1.800   -1.800    1.800  15047507.163775
   1.800   -1.800    2.400 9748368735.326717
   1.800   -1.200   -1.800       606.670235
   1.800   -1.200   -1.200      1162.469010
   1.800   -1.200   -0.600      1807.328894
   1.800   -1.200   -0.000      1012.905693
   1.800   -1.200    0.600      1488.537480
   1.800   -1.200    1.200     48069.850618
   1.800   -1.200    1.800   5501287.986097
   1.800   -1.200    2.400 753220399.771310
   1.800   -0.600   -1.800       157.257914
   1.800   -0.600   -1.200        92.393417
   1.800   -0.600   -0.600        88.271911
   1.800   -0.600   -0.000        81.012720
   1.800   -0.600    0.600       429.732517
   1.800   -0.600    1.200      7410.941722
   1.800   -0.600    1.800    159963.018064
   1.800   -0.600    2.400   1482627.156309
   1.800   -0.000   -1.800       341.932651
   1.800   -0.000   -1.200       326.690063
   1.800   -0.000   -0.600       154.461931
   1.800   -0.000   -0.000        52.743793
   1.800   -0.000    0.600        88.594807
   1.800   -0.000    1.200       685.778766
   1.800   -0.000    1.800      4601.539970
   1.800   -0.000    2.400     14275.796758
   1.800    0.600   -1.800      3092.682983
   1.800    0.600   -1.200      3057.861724
   1.800    0.600   -0.600       990.461491
   1.800    0.600   -0.000       181.192425
   1.800    0.600    0.600        37.986357
   1.800    0.600    1.200        63.201859
   1.800    0.600    1.800       220.633687
   1.800    0.600    2.400       437.986344
   1.800    1.200   -1.800     17543.672674
   1.800    1.200   -1.200     17150.271017
   1.800    1.200   -0.600      3922.773773
   1.800    1.200   -0.000       481.754945
   1.800    1.200    0.600        57.177581
   1.800    1.200    1.200         9.197257
   1.800    1.200    1.800        12.208770
   1.800    1.200    2.400        22.240421
   1.800    1.800   -1.800     27886.071816
   1.800    1.800   -1.200     26504.597034
   1.800    1.800   -0.600      5908.711589
   1.800    1.800   -0.000       717.201579
   1.800    1.800    0.600        81.814469
   1.800    1.800    1.200         6.749560
   1.800    1.800    1.800        -0.785634
   1.800    1.800    2.400         3.611272
   1.800    2.400   -1.800     97715.323371
   1.800    2.400   -1.200     47735.733533
   1.800    2.400   -0.600      8740.265414
   1.800    2.400   -0.000      1038.720461
   1.800    2.400    0.600       114.435227
   1.800    2.400    1.200        10.837781
   1.800    2.400    1.800         5.078298
   1.800    2.400    2.400        26.558316
   2.400   -1.800   -1.800      6542.157885
   2.400   -1.800   -1.200     59256.880411
   2.400   -1.800   -0.600    152410.966655
   2.400   -1.800   -0.000     43145.089643
   2.400   -1.800    0.600      5710.596718
   2.400   -1.800    1.200    140494.654870
   2.400   -1.800    1.800  84154415.470588
   2.400   -1.800    2.400 31345024003091.808594
   2.400   -1.200   -1.800      1048.391887
   2.400   -1.200   -1.200      1216.211172
   2.400   -1.200   -0.600      1879.391579
   2.400   -1.200   -0.000      1067.013288
   2.400   -1.200    0.600      1905.426885
   2.400   -1.200    1.200     86526.828604
   2.400   -1.200    1.800  23029998.312690
   2.400   -1.200    2.400 39350696439.958427
   2.400   -0.600   -1.800       400.561541
   2.400   -0.600   -1.200       242.268402
   2.400   -0.600   -0.600       184.433453
   2.400   -0.600   -0.000       128.569261
   2.400   -0.600    0.600       556.865988
   2.400   -0.600    1.200     11349.118314
   2.400   -0.600    1.800    338187.307082
   2.400   -0.600    2.400   4557779.131656
   2.400   -0.000   -1.800      2696.288443
   2.400   -0.000   -1.200      2783.337438
   2.400   -0.000   -0.600      1108.946366
   2.400   -0.000   -0.000       291.034353
   2.400   -0.000    0.600       153.827130
   2.400   -0.000    1.200       916.557289
   2.400   -0.000    1.800      6848.867562
   2.400   -0.000    2.400     23220.191268
   2.400    0.600   -1.800     88527.417751
   2.400    0.600   -1.200     86616.476216
   2.400    0.600   -0.600     13857.595197
   2.400    0.600   -0.000      1402.283113
   2.400    0.600    0.600       185.178828
   2.400    0.600    1.200        95.530211
   2.400    0.600    1.800       282.452051
   2.400    0.600    2.400       571.248490
   2.400    1.200   -1.800   2792846.159869
   2.400    1.200   -1.200   2651270.205474
   2.400    1.200   -0.600    128287.520518
   2.400    1.200   -0.000      4579.622229
   2.400    1.200    0.600       332.210879
   2.400    1.200    1.200        40.042013
   2.400    1.200    1.800        20.776459
   2.400    1.200    2.400        35.324465
   2.400    1.800   -1.800   6091715.916520
   2.400    1.800   -1.200   5736945.549083
   2.400    1.800   -0.600    207969.253537
   2.400    1.800   -0.000      6284.740183
   2.400    1.800    0.600       403.426783
   2.400    1.800    1.200        41.086953
   2.400    1.800    1.800        12.934343
   2.400    1.800    2.400        43.731102
   2.400    2.400   -1.800   2270325.365213
   2.400    2.400   -1.200   1873582.679841
   2.400    2.400   -0.600    143143.835201
   2.400    2.400   -0.000      6757.866589
   2.400    2.400    0.600       464.623274
   2.400    2.400    1.200        49.494124
   2.400    2.400    1.800        37.734314
   2.400    2.400    2.400       167.444868
