  -1.800   -1.800   -1.800        13.268201
  -1.800   -1.800   -1.200        16.153720
  -1.800   -1.800   -0.600        20.404433
  -1.800   -1.800   -0.000        20.083299
  -1.800   -1.800    0.600        12.421193
  -1.800   -1.800    1.200         7.117720
  -1.800   -1.800    1.800         4.089198
  -1.800   -1.800    2.400         1.856394
  -1.800   -1.200   -1.800        15.975395
  -1.800   -1.200   -1.200        16.799432
  -1.800   -1.200   -0.600        22.523339
  -1.800   -1.200   -0.000        23.294669
  -1.800   -1.200    0.600        12.310773
  -1.800   -1.200    1.200         6.223963
  -1.800   -1.200    1.800         3.432953
  -1.800   -1.200    2.400         1.580832
  -1.800   -0.600   -1.800        38.501956
  -1.800   -0.600   -1.200        17.779795
  -1.800   -0.600   -0.600        15.594950
  -1.800   -0.600   -0.000        14.151757
  -1.800   -0.600    0.600         8.837336
  -1.800   -0.600    1.200         5.064637
  -1.800   -0.600    1.800         3.064497
  -1.800   -0.600    2.400         1.770309
  -1.800   -0.000   -1.800        52.168731
  -1.800   -0.000   -1.200        15.437468
  -1.800   -0.000   -0.600         9.947228
  -1.800   -0.000   -0.000         7.960182
  -1.800   -0.000    0.600         5.799224
  -1.800   -0.000    1.200         4.003840
  -1.800   -0.000    1.800         2.808031
  -1.800   -0.000    2.400         1.993835
  -1.800    0.600   -1.800        10.635937
  -1.800    0.600   -1.200         8.520793
  -1.800    0.600   -0.600         6.520620
  -1.800    0.600   -0.000         5.272434
  -1.800    0.600    0.600         4.186529
  -1.800    0.600    1.200         3.268195
  -1.800    0.600    1.800         2.575984
  -1.800    0.600    2.400         2.080515
  -1.800    1.200   -1.800         4.069841
  -1.800    1.200   -1.200         4.849797
  -1.800    1.200   -0.600         4.473414
  -1.800    1.200   -0.000         3.867437
  -1.800    1.200    0.600         3.265935
  -1.800    1.200    1.200         2.744940
  -1.800    1.200    1.800         2.335626
  -1.800    1.200    2.400         2.036474
  -1.800    1.800   -1.800         3.277296
  -1.800    1.800   -1.200         3.511207
  -1.800    1.800   -0.600         3.339016
  -1.800    1.800   -0.000         2.988378
  -1.800    1.800    0.600         2.622701
  -1.800    1.800    1.200         2.313469
  -1.800    1.800    1.800         2.078779
  -1.800    1.800    2.400         1.911139
  -1.800    2.400   -1.800         3.053590
  -1.800    2.400   -1.200         2.905447
  -1.800    2.400   -0.600         2.640539
  -1.800    2.400   -0.000         2.331714
  -1.800    2.400    0.600         2.072236
  -1.800    2.400    1.200         1.902513
  -1.800    2.400    1.800         1.808112
  -1.800    2.400    2.400         1.753523
  -1.200   -1.800   -1.800        15.772457
  -1.200   -1.800   -1.200        17.802777
  -1.200   -1.800   -0.600        17.182529
  -1.200   -1.800   -0.000        14.517175
  -1.200   -1.800    0.600        10.719165
  -1.200   -1.800    1.200         7.021608
  -1.200   -1.800    1.800         3.384936
  -1.200   -1.800    2.400        -1.157470
  -1.200   -1.200   -1.800        14.753380
  -1.200   -1.200   -1.200        15.192341
  -1.200   -1.200   -0.600        14.904045
  -1.200   -1.200   -0.000        13.100965
  -1.200   -1.200    0.600         9.643251
  -1.200   -1.200    1.200         6.214985
  -1.200   -1.200    1.800         3.040769
  -1.200   -1.200    2.400        -0.567538
  -1.200   -0.600   -1.800        16.413118
  -1.200   -0.600   -1.200        13.821454
  -1.200   -0.600   -0.600        12.094496
  -1.200   -0.600   -0.000        10.370338
  -1.200   -0.600    0.600         7.856062
  -1.200   -0.600    1.200         5.346342
  -1.200   -0.600    1.800         3.101445
  -1.200   -0.600    2.400         0.925072
  -1.200   -0.000   -1.800        15.118228
  -1.200   -0.000   -1.200        11.572526
  -1.200   -0.000   -0.600         9.249479
  -1.200   -0.000   -0.000         7.686206
  -1.200   -0.000    0.600         6.074104
  -1.200   -0.000    1.200         4.505932
  -1.200   -0.000    1.800         3.107788
  -1.200   -0.000    2.400         1.887425
  -1.200    0.600   -1.800         9.053409
  -1.200    0.600   -1.200         8.087342
  -1.200    0.600   -0.600         6.817784
  -1.200    0.600   -0.000         5.753392
  -1.200    0.600    0.600         4.746958
  -1.200    0.600    1.200         3.799578
  -1.200    0.600    1.800         2.960320
  -1.200    0.600    2.400         2.262287
  -1.200    1.200   -1.800         5.713557
  -1.200    1.200   -1.200         5.583904
  -1.200    1.200   -0.600         5.058998
  -1.200    1.200   -0.000         4.432209
  -1.200    1.200    0.600         3.806262
  -1.200    1.200    1.200         3.225053
  -1.200    1.200    1.800         2.718123
  -1.200    1.200    2.400         2.305743
  -1.200    1.800   -1.800         4.471828
  -1.200    1.800   -1.200         4.262624
  -1.200    1.800   -0.600         3.918447
  -1.200    1.800   -0.000         3.505798
  -1.200    1.800    0.600         3.100358
  -1.200    1.800    1.200         2.740784
  -1.200    1.800    1.800         2.439996
  -1.200    1.800    2.400         2.200091
  -1.200    2.400   -1.800         3.886651
  -1.200    2.400   -1.200         3.502521
  -1.200    2.400   -0.600         3.129749
  -1.200    2.400   -0.000         2.786445
  -1.200    2.400    0.600         2.509193
  -1.200    2.400    1.200         2.306859
  -1.200    2.400    1.800         2.161768
  -1.200    2.400    2.400         2.050094
  -0.600   -1.800   -1.800        20.477515
  -0.600   -1.800   -1.200        24.725947
  -0.600   -1.800   -0.600        20.181265
  -0.600   -1.800   -0.000        14.758023
  -0.600   -1.800    0.600        10.765768
  -0.600   -1.800    1.200         7.213373
  -0.600   -1.800    1.800         2.501758
  -0.600   -1.800    2.400        -8.709314
  -0.600   -1.200   -1.800        14.851119
  -0.600   -1.200   -1.200        15.613381
  -0.600   -1.200   -0.600        14.394784
  -0.600   -1.200   -0.000        11.996558
  -0.600   -1.200    0.600         9.257075
  -0.600   -1.200    1.200         6.344155
  -0.600   -1.200    1.800         2.451048
  -0.600   -1.200    2.400        -5.014820
  -0.600   -0.600   -1.800        12.528315
  -0.600   -0.600   -1.200        12.172214
  -0.600   -0.600   -0.600        11.141309
  -0.600   -0.600   -0.000         9.597825
  -0.600   -0.600    0.600         7.695803
  -0.600   -0.600    1.200         5.586243
  -0.600   -0.600    1.800         3.070706
  -0.600   -0.600    2.400        -0.291942
  -0.600   -0.000   -1.800        10.579177
  -0.600   -0.000   -1.200         9.829797
  -0.600   -0.000   -0.600         8.785835
  -0.600   -0.000   -0.000         7.604791
  -0.600   -0.000    0.600         6.285031
  -0.600   -0.000    1.200         4.877594
  -0.600   -0.000    1.800         3.382483
  -0.600   -0.000    2.400         1.819950
  -0.600    0.600   -1.800         8.295651
  -0.600    0.600   -1.200         7.696534
  -0.600    0.600   -0.600         6.900962
  -0.600    0.600   -0.000         6.034322
  -0.600    0.600    0.600         5.129421
  -0.600    0.600    1.200         4.215504
  -0.600    0.600    1.800         3.321091
  -0.600    0.600    2.400         2.497595
  -0.600    1.200   -1.800         6.477578
  -0.600    1.200   -1.200         6.012749
  -0.600    1.200   -0.600         5.453614
  -0.600    1.200   -0.000         4.840303
  -0.600    1.200    0.600         4.220855
  -0.600    1.200    1.200         3.624798
  -0.600    1.200    1.800         3.073788
  -0.600    1.200    2.400         2.596058
  -0.600    1.800   -1.800         5.366832
  -0.600    1.800   -1.200         4.872280
  -0.600    1.800   -0.600         4.400375
  -0.600    1.800   -0.000         3.935864
  -0.600    1.800    0.600         3.502076
  -0.600    1.800    1.200         3.112538
  -0.600    1.800    1.800         2.771572
  -0.600    1.800    2.400         2.484847
  -0.600    2.400   -1.800         4.692251
  -0.600    2.400   -1.200         4.081453
  -0.600    2.400   -0.600         3.593978
  -0.600    2.400   -0.000         3.203951
  -0.600    2.400    0.600         2.902452
  -0.600    2.400    1.200         2.669226
  -0.600    2.400    1.800         2.481338
  -0.600    2.400    2.400         2.323617
  -0.000   -1.800   -1.800        23.608740
  -0.000   -1.800   -1.200        30.201707
  -0.000   -1.800   -0.600        23.384181
  -0.000   -1.800   -0.000        16.320923
  -0.000   -1.800    0.600        11.854111
  -0.000   -1.800    1.200         8.516549
  -0.000   -1.800    1.800         4.237098
  -0.000   -1.800    2.400       -13.655194
  -0.000   -1.200   -1.800        15.522414
  -0.000   -1.200   -1.200        16.672452
  -0.000   -1.200   -0.600        15.344900
  -0.000   -1.200   -0.000        12.663586
  -0.000   -1.200    0.600         9.955975
  -0.000   -1.200    1.200         7.353346
  -0.000   -1.200    1.800         3.555876
  -0.000   -1.200    2.400        -7.052345
  -0.000   -0.600   -1.800        12.079235
  -0.000   -0.600   -1.200        12.108602
  -0.000   -0.600   -0.600        11.326963
  -0.000   -0.600   -0.000         9.882199
  -0.000   -0.600    0.600         8.170448
  -0.000   -0.600    1.200         6.322216
  -0.000   -0.600    1.800         3.911461
  -0.000   -0.600    2.400        -0.017738
  -0.000   -0.000   -1.800         9.971539
  -0.000   -0.000   -1.200         9.580580
  -0.000   -0.000   -0.600         8.861376
  -0.000   -0.000   -0.000         7.851456
  -0.000   -0.000    0.600         6.687615
  -0.000   -0.000    1.200         5.437799
  -0.000   -0.000    1.800         4.025589
  -0.000   -0.000    2.400         2.378363
  -0.000    0.600   -1.800         8.296197
  -0.000    0.600   -1.200         7.784689
  -0.000    0.600   -0.600         7.122512
  -0.000    0.600   -0.000         6.338935
  -0.000    0.600    0.600         5.506144
  -0.000    0.600    1.200         4.661087
  -0.000    0.600    1.800         3.804476
  -0.000    0.600    2.400         2.962774
  -0.000    1.200   -1.800         6.946679
  -0.000    1.200   -1.200         6.405027
  -0.000    1.200   -0.600         5.811396
  -0.000    1.200   -0.000         5.186045
  -0.000    1.200    0.600         4.573881
  -0.000    1.200    1.200         3.992971
  -0.000    1.200    1.800         3.447431
  -0.000    1.200    2.400         2.954786
  -0.000    1.800   -1.800         6.002481
  -0.000    1.800   -1.200         5.385059
  -0.000    1.800   -0.600         4.819416
  -0.000    1.800   -0.000         4.298546
  -0.000    1.800    0.600         3.838024
  -0.000    1.800    1.200         3.434705
  -0.000    1.800    1.800         3.079270
  -0.000    1.800    2.400         2.771900
  -0.000    2.400   -1.800         5.431563
  -0.000    2.400   -1.200         4.664498
  -0.000    2.400   -0.600         4.058800
  -0.000    2.400   -0.000         3.592494
  -0.000    2.400    0.600         3.245224
  -0.000    2.400    1.200         2.977587
  -0.000    2.400    1.800         2.756812
  -0.000    2.400    2.400         2.567674
   0.600   -1.800   -1.800        21.880517
   0.600   -1.800   -1.200        27.205223
   0.600   -1.800   -0.600        24.995623
   0.600   -1.800   -0.000        18.407239
   0.600   -1.800    0.600        13.484568
   0.600   -1.800    1.200        11.075080
   0.600   -1.800    1.800        11.408331
   0.600   -1.800    2.400        13.834705
   0.600   -1.200   -1.800        15.864925
   0.600   -1.200   -1.200        17.617599
   0.600   -1.200   -0.600        16.843027
   0.600   -1.200   -0.000        13.972871
   0.600   -1.200    0.600        11.196224
   0.600   -1.200    1.200         9.361876
   0.600   -1.200    1.800         7.867672
   0.600   -1.200    2.400         3.158546
   0.600   -0.600   -1.800        12.266897
   0.600   -0.600   -1.200        12.604948
   0.600   -0.600   -0.600        11.993663
   0.600   -0.600   -0.000        10.564521
   0.600   -0.600    0.600         8.986757
   0.600   -0.600    1.200         7.630031
   0.600   -0.600    1.800         6.189266
   0.600   -0.600    2.400         3.657875
   0.600   -0.000   -1.800        10.162807
   0.600   -0.000   -1.200         9.949676
   0.600   -0.000   -0.600         9.271566
   0.600   -0.000   -0.000         8.278009
   0.600   -0.000    0.600         7.224409
   0.600   -0.000    1.200         6.233198
   0.600   -0.000    1.800         5.204564
   0.600   -0.000    2.400         3.932952
   0.600    0.600   -1.800         8.727409
   0.600    0.600   -1.200         8.293075
   0.600    0.600   -0.600         7.535656
   0.600    0.600   -0.000         6.685496
   0.600    0.600    0.600         5.886173
   0.600    0.600    1.200         5.155828
   0.600    0.600    1.800         4.447898
   0.600    0.600    2.400         3.721441
   0.600    1.200   -1.800         7.485844
   0.600    1.200   -1.200         6.955483
   0.600    1.200   -0.600         6.211802
   0.600    1.200   -0.000         5.484916
   0.600    1.200    0.600         4.863656
   0.600    1.200    1.200         4.326861
   0.600    1.200    1.800         3.837637
   0.600    1.200    2.400         3.381721
   0.600    1.800   -1.800         6.503715
   0.600    1.800   -1.200         5.864531
   0.600    1.800   -0.600         5.175145
   0.600    1.800   -0.000         4.569546
   0.600    1.800    0.600         4.086111
   0.600    1.800    1.200         3.691738
   0.600    1.800    1.800         3.351284
   0.600    1.800    2.400         3.050419
   0.600    2.400   -1.800         6.107880
   0.600    2.400   -1.200         5.252699
   0.600    2.400   -0.600         4.492393
   0.600    2.400   -0.000         3.913688
   0.600    2.400    0.600         3.508406
   0.600    2.400    1.200         3.213015
   0.600    2.400    1.800         2.976111
   0.600    2.400    2.400         2.773856
   1.200   -1.800   -1.800        22.513696
   1.200   -1.800   -1.200        37.231596
   1.200   -1.800   -0.600        41.602779
   1.200   -1.800   -0.000        22.713433
   1.200   -1.800    0.600        15.042835
   1.200   -1.800    1.200        13.768415
   1.200   -1.800    1.800        19.249554
   1.200   -1.800    2.400        39.510534
   1.200   -1.200   -1.800        16.393387
   1.200   -1.200   -1.200        19.895502
   1.200   -1.200   -0.600        19.957502
   1.200   -1.200   -0.000        15.680779
   1.200   -1.200    0.600        12.412572
   1.200   -1.200    1.200        11.691711
   1.200   -1.200    1.800        13.818346
   1.200   -1.200    2.400        16.855565
   1.200   -0.600   -1.800        12.622877
   1.200   -0.600   -1.200        13.308710
   1.200   -0.600   -0.600        12.782197
   1.200   -0.600   -0.000        11.218175
   1.200   -0.600    0.600         9.754759
   1.200   -0.600    1.200         9.125176
   1.200   -0.600    1.800         9.332718
   1.200   -0.600    2.400         9.199309
   1.200   -0.000   -1.800        11.004038
   1.200   -0.000   -1.200        10.842140
   1.200   -0.000   -0.600         9.850650
   1.200   -0.000   -0.000         8.666589
   1.200   -0.000    0.600         7.689352
   1.200   -0.000    1.200         7.053836
   1.200   -0.000    1.800         6.641278
   1.200   -0.000    2.400         6.036479
   1.200    0.600   -1.800        10.423555
   1.200    0.600   -1.200         9.811514
   1.200    0.600   -0.600         8.245087
   1.200    0.600   -0.000         6.990786
   1.200    0.600    0.600         6.165426
   1.200    0.600    1.200         5.590416
   1.200    0.600    1.800         5.114538
   1.200    0.600    2.400         4.593487
   1.200    1.200   -1.800         9.043546
   1.200    1.200   -1.200         8.278533
   1.200    1.200   -0.600         6.735328
   1.200    1.200   -0.000         5.657646
   1.200    1.200    0.600         5.015605
   1.200    1.200    1.200         4.563846
   1.200    1.200    1.800         4.177165
   1.200    1.200    2.400         3.798203
   1.200    1.800   -1.800         7.049087
   1.200    1.800   -1.200         6.308969
   1.200    1.800   -0.600         5.321005
   1.200    1.800   -0.000         4.620206
   1.200    1.800    0.600         4.173310
   1.200    1.800    1.200         3.840538
   1.200    1.800    1.800         3.552755
   1.200    1.800    2.400         3.285383
   1.200    2.400   -1.800         6.666482
   1.200    2.400   -1.200         5.651192
   1.200    2.400   -0.600         4.685173
   1.200    2.400   -0.000         4.032104
   1.200    2.400    0.600         3.625813
   1.200    2.400    1.200         3.345361
   1.200    2.400    1.800         3.122595
   1.200    2.400    2.400         2.929416
   1.800   -1.800   -1.800        22.419201
   1.800   -1.800   -1.200        52.710738
   1.800   -1.800   -0.600        73.364506
   1.800   -1.800   -0.000        24.407936
   1.800   -1.800    0.600        15.108496
   1.800   -1.800    1.200        15.228543
   1.800   -1.800    1.800        26.146791
   1.800   -1.800    2.400        67.611352
   1.800   -1.200   -1.800        16.029458
   1.800   -1.200   -1.200        20.569512
   1.800   -1.200   -0.600        21.123312
   1.800   -1.200   -0.000        15.875780
   1.800   -1.200    0.600        12.650098
   1.800   -1.200    1.200        13.291773
   1.800   -1.200    1.800        20.884575
   1.800   -1.200    2.400        41.328362
   1.800   -0.600   -1.800        12.711841
   1.800   -0.600   -1.200        13.467685
   1.800   -0.600   -0.600        12.812073
   1.800   -0.600   -0.000        11.170426
   1.800   -0.600    0.600         9.941002
   1.800   -0.600    1.200        10.110186
   1.800   -0.600    1.800        12.280499
   1.800   -0.600    2.400        15.107691
   1.800   -0.000   -1.800        13.186620
   1.800   -0.000   -1.200        12.609675
   1.800   -0.000   -0.600        10.375937
   1.800   -0.000   -0.000         8.717125
   1.800   -0.000    0.600         7.800403
   1.800   -0.000    1.200         7.526444
   1.800   -0.000    1.800         7.737144
   1.800   -0.000    2.400         7.785035
   1.800    0.600   -1.800        18.906511
   1.800    0.600   -1.200        15.718674
   1.800    0.600   -0.600         9.459591
   1.800    0.600   -0.000         7.054484
   1.800    0.600    0.600         6.182053
   1.800    0.600    1.200         5.787791
   1.800    0.600    1.800         5.552135
   1.800    0.600    2.400         5.238371
   1.800    1.200   -1.800        17.616498
   1.800    1.200   -1.200        13.657147
   1.800    1.200   -0.600         7.292690
   1.800    1.200   -0.000         5.438226
   1.800    1.200    0.600         4.905092
   1.800    1.200    1.200         4.616605
   1.800    1.200    1.800         4.364513
   1.800    1.200    2.400         4.080759
   1.800    1.800   -1.800         7.331526
   1.800    1.800   -1.200         5.916080
   1.800    1.800   -0.600         4.477469
   1.800    1.800   -0.000         4.115347
   1.800    1.800    0.600         3.988767
   1.800    1.800    1.200         3.831461
   1.800    1.800    1.800         3.641785
   1.800    1.800    2.400         3.432264
   1.800    2.400   -1.800         6.063444
   1.800    2.400   -1.200         4.732378
   1.800    2.400   -0.600         3.963167
   1.800    2.400   -0.000         3.683621
   1.800    2.400    0.600         3.513899
   1.800    2.400    1.200         3.346484
   1.800    2.400    1.800         3.181346
   1.800    2.400    2.400         3.022087
   2.400   -1.800   -1.800        17.294151
   2.400   -1.800   -1.200        25.073358
   2.400   -1.800   -0.600        26.598368
   2.400   -1.800   -0.000        17.201263
   2.400   -1.800    0.600        13.032052
   2.400   -1.800    1.200        14.037907
   2.400   -1.800    1.800        27.960944
   2.400   -1.800    2.400       222.283850
   2.400   -1.200   -1.800        13.572079
   2.400   -1.200   -1.200        15.955355
   2.400   -1.200   -0.600        15.946444
   2.400   -1.200   -0.000        13.089898
   2.400   -1.200    0.600        11.272742
   2.400   -1.200    1.200        12.675483
   2.400   -1.200    1.800        23.151511
   2.400   -1.200    2.400        73.085189
   2.400   -0.600   -1.800        11.775665
   2.400   -0.600   -1.200        12.227062
   2.400   -0.600   -0.600        11.384078
   2.400   -0.600   -0.000        10.009119
   2.400   -0.600    0.600         9.176952
   2.400   -0.600    1.200         9.763012
   2.400   -0.600    1.800        12.682764
   2.400   -0.600    2.400        16.882782
   2.400   -0.000   -1.800        15.724042
   2.400   -0.000   -1.200        14.166096
   2.400   -0.000   -0.600        10.128087
   2.400   -0.000   -0.000         8.162642
   2.400   -0.000    0.600         7.376994
   2.400   -0.000    1.200         7.316883
   2.400   -0.000    1.800         7.791719
   2.400   -0.000    2.400         8.098306
   2.400    0.600   -1.800        68.869734
   2.400    0.600   -1.200        34.579434
   2.400    0.600   -0.600         9.876083
   2.400    0.600   -0.000         6.523808
   2.400    0.600    0.600         5.849293
   2.400    0.600    1.200         5.630815
   2.400    0.600    1.800         5.547438
   2.400    0.600    2.400         5.361176
   2.400    1.200   -1.800       104.579391
   2.400    1.200   -1.200        33.334329
   2.400    1.200   -0.600         5.232355
   2.400    1.200   -0.000         4.320594
   2.400    1.200    0.600         4.478714
   2.400    1.200    1.200         4.449706
   2.400    1.200    1.800         4.332423
   2.400    1.200    2.400         4.139941
   2.400    1.800   -1.800        -2.201738
   2.400    1.800   -1.200        -5.123266
   2.400    1.800   -0.600        -0.413443
   2.400    1.800   -0.000         2.585936
   2.400    1.800    0.600         3.495762
   2.400    1.800    1.200         3.655571
   2.400    1.800    1.800         3.598028
   2.400    1.800    2.400         3.465219
   2.400    2.400   -1.800         0.104978
   2.400    2.400   -1.200        -1.191465
   2.400    2.400   -0.600         1.056615
   2.400    2.400   -0.000         2.662064
   2.400    2.400    0.600         3.163753
   2.400    2.400    1.200         3.218391
   2.400    2.400    1.800         3.150159
   2.400    2.400    2.400         3.050225
