 0.017677669529664
 0.017677669529664
 0.017677669529664
 0.017677669529664
 0.017677669529664
 0.017677669529664
 0.017677669529664
 0.017677669529664
 0.017677669529664
 0.017677669529664
 0.017677669529664
 0.017677669529664
 0.017677669529664
 0.017677669529664
 0.017677669529664
 0.017677669529664
 0.017677669529664
 0.017677669529664
 0.017677669529664
 0.017677669529664
 0.017677669529664
 0.017677669529664
 0.017677669529664
 0.017677669529664
 0.017677669529664
 0.017677669529664
 0.017677669529664
 0.017677669529664
 0.017677669529664
 0.017677669529664
 0.017677669529664
 0.017677669529664
 0.017677669529664
 0.017677669529664
 0.017677669529664
 0.017677669529664
 0.017677669529664
 0.017677669529664
 0.017677669529664
 0.017677669529664
 0.017677669529664
 0.017677669529664
 0.017677669529664
 0.017677669529664
 0.017677669529664
 0.017677669529664
 0.017677669529664
 0.017677669529664
 0.017677669529664
 0.017677669529664
 0.017677669529664
 0.017677669529664
 0.017677669529664
 0.017677669529664
 0.017677669529664
 0.017677669529664
 0.017677669529664
 0.017677669529664
 0.017677669529664
 0.017677669529664
 0.017677669529664
 0.017677669529664
 0.017677669529664
 0.017677669529664
 0.017677669529664
 0.017677669529664
 0.017677669529664
 0.017677669529664
 0.017677669529664
 0.017677669529664
 0.017677669529664
-0.017677669529664
 0.017677669529664
 0.017677669529664
 0.017677669529664
 0.017677669529664
 0.017677669529664
 0.017677669529664
 0.017677669529664
-0.010032749209526
 0.017677669529664
 0.017677669529664
 0.017677669529664
 0.017677669529664
 0.017677669529664
 0.017677669529664
 0.017677669529664
 0.016353117107145
 0.017677669529664
 0.017677669529664
 0.017677669529664
 0.017677669529664
 0.017677669529664
 0.017677669529664
 0.017677669529664
 0.017677669529664
 0.017677669529664
 0.017677669529664
 0.017677669529664
 0.017677669529664
 0.017677669529664
 0.017677669529664
 0.017677669529664
 0.017677669529664
 0.017677669529664
 0.017677669529664
 0.017677669529664
 0.017677669529664
 0.017677669529664
 0.017677669529664
 0.017677669529664
 0.017677669529664
 0.017677669529664
 0.017677669529664
 0.017677669529664
 0.017677669529664
 0.017677669529664
 0.017677669529664
 0.017677669529664
 0.017677669529664
 0.017677669529664
 0.017677669529664
 0.017677669529664
 0.017677669529664
 0.017677669529664
 0.017677669529664
 0.017677669529664
 0.017677669529664
 0.017677669529664
 0.017677669529664
 0.017677669529664
 0.017677669529664
 0.017677669529664
 0.017677669529664
 0.017677669529664
-0.017677669529664
 0.017677669529664
 0.017677669529664
 0.017677669529664
 0.017677669529664
 0.017677669529664
 0.017677669529664
 0.017677669529664
-0.017677669529664
 0.017677669529664
 0.017677669529664
 0.017677669529664
 0.017677669529664
 0.017677669529664
 0.017677669529664
 0.017677669529664
-0.005160854197829
 0.017677669529664
 0.017677669529664
 0.017677669529664
 0.017677669529664
 0.017677669529664
 0.017677669529664
 0.017677669529664
 0.017677669529664
 0.017677669529664
 0.017677669529664
 0.017677669529664
 0.017677669529664
 0.017677669529664
 0.017677669529664
 0.017677669529664
 0.017677669529664
 0.017677669529664
 0.017677669529664
 0.017677669529664
 0.017677669529664
 0.017677669529664
 0.017677669529664
 0.017677669529664
 0.017677669529664
 0.017677669529664
 0.017677669529664
 0.017677669529664
 0.017677669529664
 0.017677669529664
 0.017677669529664
 0.017677669529664
 0.017677669529664
 0.017677669529664
 0.017677669529664
 0.017677669529664
 0.017677669529664
 0.017677669529664
 0.017677669529664
 0.017677669529664
 0.017677669529664
 0.017677669529664
 0.017677669529664
 0.017677669529664
 0.017677669529664
 0.017677669529664
 0.017677669529664
 0.017677669529664
-0.017677669529664
 0.017677669529664
 0.017677669529664
 0.017677669529664
 0.017677669529664
 0.017677669529664
 0.017677669529664
 0.017677669529664
-0.017677669529664
 0.017677669529664
 0.017677669529664
 0.017677669529664
 0.017677669529664
 0.017677669529664
 0.017677669529664
 0.017677669529664
-0.000313566502117
 0.017677669529664
 0.017677669529664
 0.017677669529664
 0.017677669529664
 0.017677669529664
 0.017677669529664
 0.017677669529664
 0.017677669529664
 0.017677669529664
 0.017677669529664
 0.017677669529664
 0.017677669529664
 0.017677669529664
 0.017677669529664
 0.017677669529664
 0.017677669529664
 0.017677669529664
 0.017677669529664
 0.017677669529664
 0.017677669529664
 0.017677669529664
 0.017677669529664
 0.017677669529664
 0.017677669529664
 0.017677669529664
 0.017677669529664
 0.017677669529664
 0.017677669529664
 0.017677669529664
 0.017677669529664
 0.017677669529664
 0.017677669529664
 0.017677669529664
 0.017677669529664
 0.017677669529664
 0.017677669529664
 0.017677669529664
 0.017677669529664
 0.017677669529664
 0.017677669529664
 0.017677669529664
 0.017677669529664
 0.017677669529664
 0.017677669529664
 0.017677669529664
 0.017677669529664
 0.017677669529664
 0.017677669529664
 0.017677669529664
 0.017677669529664
 0.017677669529664
 0.017677669529664
 0.017677669529664
 0.017677669529664
 0.017677669529664
 0.017677669529664
 0.017677669529664
 0.017677669529664
 0.017677669529664
 0.017677669529664
 0.017677669529664
 0.017677669529664
 0.017677669529664
 0.017677669529664
 0.017677669529664
 0.017677669529664
 0.017677669529664
 0.017677669529664
 0.017677669529664
 0.017677669529664
 0.017677669529664
 0.017677669529664
 0.017677669529664
 0.017677669529664
 0.017677669529664
 0.017677669529664
 0.017677669529664
 0.017677669529664
 0.017677669529664
 0.017677669529664
 0.017677669529664
 0.017677669529664
 0.017677669529664
 0.017677669529664
 0.017677669529664
 0.017677669529664
 0.017677669529664
 0.017677669529664
 0.017677669529664
 0.017677669529664
 0.017677669529664
 0.017677669529664
 0.017677669529664
 0.017677669529664
 0.017677669529664
 0.017677669529664
 0.017677669529664
 0.017677669529664
 0.017677669529664
 0.017677669529664
 0.017677669529664
 0.017677669529664
 0.017677669529664
 0.017677669529664
 0.017677669529664
 0.017677669529664
 0.017677669529664
 0.017677669529664
 0.017677669529664
 0.017677669529664
 0.017677669529664
 0.017677669529664
 0.017677669529664
 0.017677669529664
 0.017677669529664
 0.017677669529664
 0.017677669529664
 0.017677669529664
 0.017677669529664
 0.017677669529664
 0.017677669529664
 0.017677669529664
 0.017677669529664
 0.017677669529664
 0.017677669529664
 0.017677669529664
 0.017677669529664
 0.017677669529664
 0.017677669529664
 0.017677669529664
 0.017677669529664
 0.017677669529664
 0.017677669529664
 0.017677669529664
 0.017677669529664
 0.017677669529664
 0.017677669529664
 0.017677669529664
 0.017677669529664
 0.017677669529664
 0.017677669529664
 0.017677669529664
 0.017677669529664
 0.017677669529664
 0.017677669529664
 0.017677669529664
 0.017677669529664
 0.017677669529664
 0.017677669529664
 0.017677669529664
 0.017677669529664
 0.017677669529664
 0.017677669529664
 0.017677669529664
 0.017677669529664
 0.017677669529664
 0.017677669529664
 0.017677669529664
 0.017677669529664
 0.017677669529664
 0.017677669529664
 0.017677669529664
 0.017677669529664
 0.017677669529664
 0.017677669529664
 0.017677669529664
 0.017677669529664
 0.017677669529664
 0.017677669529664
 0.017677669529664
 0.017677669529664
 0.017677669529664
 0.017677669529664
 0.017677669529664
 0.017677669529664
 0.017677669529664
 0.017677669529664
 0.017677669529664
 0.017677669529664
 0.017677669529664
 0.017677669529664
 0.017677669529664
 0.017677669529664
 0.017677669529664
 0.017677669529664
 0.017677669529664
 0.017677669529664
 0.017677669529664
 0.017677669529664
 0.017677669529664
 0.017677669529664
 0.017677669529664
 0.017677669529664
 0.017677669529664
 0.017677669529664
 0.017677669529664
 0.017677669529664
 0.017677669529664
 0.017677669529664
 0.017677669529664
 0.017677669529664
 0.017677669529664
 0.017677669529664
 0.017677669529664
 0.017677669529664
 0.017677669529664
 0.017677669529664
 0.017677669529664
 0.017677669529664
 0.017677669529664
 0.017677669529664
 0.017677669529664
 0.017677669529664
 0.017677669529664
 0.017677669529664
 0.017677669529664
 0.017677669529664
 0.017677669529664
 0.017677669529664
 0.017677669529664
 0.017677669529664
 0.017677669529664
 0.017677669529664
 0.017677669529664
 0.017677669529664
 0.017677669529664
 0.017677669529664
 0.017677669529664
 0.017677669529664
 0.017677669529664
 0.017677669529664
 0.017677669529664
 0.017677669529664
 0.017677669529664
 0.017677669529664
 0.017677669529664
 0.017677669529664
 0.017677669529664
 0.017677669529664
 0.017677669529664
 0.017677669529664
 0.017677669529664
 0.017677669529664
 0.017677669529664
 0.017677669529664
 0.017677669529664
 0.017677669529664
 0.017677669529664
 0.017677669529664
 0.017677669529664
 0.017677669529664
 0.017677669529664
 0.017677669529664
 0.017677669529664
 0.017677669529664
 0.017677669529664
 0.017677669529664
 0.017677669529664
 0.017677669529664
 0.017677669529664
 0.017677669529664
 0.017677669529664
 0.017677669529664
 0.017677669529664
 0.017677669529664
 0.017677669529664
 0.017677669529664
 0.017677669529664
 0.017677669529664
 0.017677669529664
 0.017677669529664
 0.017677669529664
 0.017677669529664
 0.017677669529664
 0.017677669529664
 0.017677669529664
 0.017677669529664
 0.017677669529664
 0.017677669529664
 0.017677669529664
-0.017677669529664
-0.017677669529664
-0.007308708723353
 0.017677669529664
 0.017677669529664
 0.017677669529664
 0.017677669529664
 0.017677669529664
 0.001855766391885
-0.017677669529664
 0.017677669529664
 0.017677669529664
 0.017677669529664
 0.017677669529664
 0.017677669529664
 0.017677669529664
 0.017677669529664
 0.017677669529664
 0.017677669529664
 0.017677669529664
 0.017677669529664
 0.017677669529664
 0.017677669529664
 0.017677669529664
 0.017677669529664
 0.017677669529664
 0.017677669529664
 0.017677669529664
 0.017677669529664
 0.017677669529664
 0.017677669529664
 0.017677669529664
 0.017677669529664
 0.017677669529664
 0.017677669529664
 0.017677669529664
 0.017677669529664
 0.017677669529664
 0.017677669529664
 0.017677669529664
 0.017677669529664
 0.017677669529664
 0.017677669529664
 0.017677669529664
 0.017677669529664
 0.017677669529664
 0.017677669529664
 0.017677669529664
 0.017677669529664
 0.017677669529664
 0.017677669529664
 0.017677669529664
 0.017677669529664
 0.017677669529664
 0.017677669529664
 0.017677669529664
 0.017677669529664
 0.017677669529664
 0.017677669529664
 0.002792523777931
-0.017677669529664
-0.009822013711063
 0.017677669529664
 0.017677669529664
 0.017677669529664
 0.017677669529664
 0.017677669529664
-0.017677669529664
-0.017677669529664
-0.017677669529664
 0.017677669529664
 0.017677669529664
 0.017677669529664
 0.017677669529664
 0.017677669529664
 0.017677669529664
-0.017435397068760
-0.017677669529664
-0.017677669529664
 0.017677669529664
 0.017677669529664
 0.017677669529664
 0.017677669529664
 0.017677669529664
 0.017677669529664
 0.017677669529664
 0.017677669529664
 0.017677669529664
 0.017677669529664
 0.017677669529664
 0.017677669529664
 0.017677669529664
 0.017677669529664
 0.017677669529664
 0.017677669529664
 0.017677669529664
 0.017677669529664
 0.017677669529664
 0.017677669529664
 0.017677669529664
 0.017677669529664
 0.017677669529664
 0.017677669529664
 0.017677669529664
 0.017677669529664
 0.017677669529664
 0.017677669529664
 0.017677669529664
 0.017677669529664
 0.017677669529664
 0.017677669529664
 0.017677669529664
 0.017677669529664
 0.017677669529664
 0.017677669529664
-0.009288961264066
-0.017677669529664
-0.017677669529664
 0.017677669529664
 0.017677669529664
 0.017677669529664
 0.017677669529664
 0.017677669529664
-0.017677669529664
-0.017677669529664
-0.017677669529664
-0.017260264396729
 0.017677669529664
 0.017677669529664
 0.017677669529664
-0.011438919432263
-0.017677669529664
-0.017677669529664
-0.017677669529664
-0.017677669529664
 0.017677669529664
 0.017677669529664
 0.017677669529664
 0.017677669529664
 0.017677669529664
-0.017677669529664
-0.017677669529664
-0.017677669529664
 0.017677669529664
 0.017677669529664
 0.017677669529664
 0.017677669529664
 0.017677669529664
 0.017677669529664
 0.017677669529664
 0.017677669529664
 0.017677669529664
 0.017677669529664
 0.017677669529664
 0.017677669529664
 0.017677669529664
 0.017677669529664
 0.017677669529664
 0.017677669529664
 0.017677669529664
 0.017677669529664
 0.017677669529664
 0.017677669529664
 0.017311529638365
 0.017677669529664
 0.017677669529664
 0.017677669529664
 0.017677669529664
 0.017677669529664
 0.017677669529664
 0.017677669529664
-0.017677669529664
-0.017677669529664
 0.017677669529664
 0.017677669529664
 0.017677669529664
 0.017677669529664
 0.017677669529664
 0.009048421214776
-0.017677669529664
-0.017677669529664
-0.017677669529664
 0.017677669529664
 0.017677669529664
 0.017677669529664
 0.017677669529664
-0.017677669529664
-0.017677669529664
-0.017677669529664
-0.017677669529664
-0.017677669529664
-0.017677669529664
 0.017677669529664
 0.017677669529664
-0.017677669529664
-0.017677669529664
-0.017677669529664
-0.017677669529664
-0.017677669529664
-0.017677669529664
 0.017677669529664
 0.017677669529664
 0.017677669529664
 0.011159453154669
-0.017677669529664
-0.017677669529664
-0.017677669529664
 0.017677669529664
 0.017677669529664
 0.017677669529664
 0.017677669529664
 0.017677669529664
 0.017677669529664
 0.017677669529664
 0.017677669529664
 0.017677669529664
 0.017677669529664
 0.017677669529664
 0.017677669529664
 0.017677669529664
 0.017677669529664
 0.017677669529664
 0.017677669529664
 0.017677669529664
 0.017677669529664
 0.017677669529664
 0.017677669529664
 0.017677669529664
 0.017677669529664
 0.017677669529664
 0.017677669529664
 0.017677669529664
 0.017677669529664
 0.017677669529664
-0.017677669529664
-0.017677669529664
 0.015323039303652
 0.017677669529664
 0.017677669529664
 0.017677669529664
 0.017677669529664
 0.017677669529664
-0.017677669529664
-0.017677669529664
-0.017677669529664
-0.003118093417659
 0.017677669529664
 0.017677669529664
 0.017677669529664
 0.017677669529664
-0.017677669529664
-0.017677669529664
-0.017677669529664
-0.017677669529664
-0.017677669529664
-0.017677669529664
 0.017677669529664
 0.017677669529664
 0.017677669529664
-0.017677669529664
-0.017677669529664
-0.017677669529664
-0.017677669529664
-0.017677669529664
 0.017677669529664
 0.017677669529664
 0.017677669529664
 0.017677669529664
-0.017677669529664
-0.017677669529664
-0.017677669529664
-0.017677669529664
 0.017677669529664
 0.017677669529664
 0.017677669529664
 0.017677669529664
 0.017677669529664
 0.017677669529664
 0.017677669529664
 0.017677669529664
 0.017677669529664
 0.017677669529664
 0.017677669529664
 0.017677669529664
 0.017677669529664
 0.017677669529664
 0.017677669529664
 0.017677669529664
 0.017677669529664
 0.017677669529664
 0.017677669529664
 0.017677669529664
 0.017677669529664
 0.017677669529664
 0.017677669529664
 0.017677669529664
 0.017677669529664
 0.017677669529664
-0.017677669529664
-0.017677669529664
 0.017677669529664
 0.017677669529664
 0.017677669529664
 0.017677669529664
 0.017677669529664
 0.017677669529664
 0.017677669529664
-0.017677669529664
-0.017677669529664
 0.017677669529664
 0.017677669529664
 0.017677669529664
 0.017677669529664
 0.017677669529664
 0.017677669529664
 0.007086588805713
-0.017677669529664
-0.017677669529664
-0.017677669529664
 0.017677669529664
 0.017677669529664
 0.017677669529664
 0.017677669529664
 0.017677669529664
-0.017677669529664
-0.017677669529664
-0.017677669529664
-0.017677669529664
 0.017677669529664
 0.017677669529664
 0.017677669529664
 0.017677669529664
 0.017677669529664
-0.017677669529664
-0.017677669529664
-0.017677669529664
 0.017677669529664
 0.017677669529664
 0.017677669529664
 0.017677669529664
 0.017677669529664
 0.017677669529664
 0.017677669529664
 0.017677669529664
 0.017677669529664
 0.017677669529664
 0.017677669529664
 0.017677669529664
 0.017677669529664
 0.017677669529664
 0.017677669529664
 0.017677669529664
 0.017677669529664
 0.017677669529664
 0.017677669529664
 0.017677669529664
 0.017677669529664
 0.017677669529664
 0.017677669529664
 0.017677669529664
 0.017677669529664
 0.017677669529664
 0.017677669529664
 0.017677669529664
 0.017677669529664
 0.017677669529664
 0.017677669529664
 0.017677669529664
 0.017677669529664
 0.017677669529664
 0.017677669529664
 0.017677669529664
 0.017677669529664
 0.017677669529664
 0.017677669529664
 0.017677669529664
 0.017677669529664
 0.017677669529664
 0.017677669529664
 0.017677669529664
 0.017677669529664
-0.007590154899935
 0.017677669529664
 0.017677669529664
 0.017677669529664
 0.017677669529664
 0.017677669529664
 0.017677669529664
 0.017677669529664
-0.017677669529664
-0.017677669529664
-0.017677669529664
 0.017677669529664
 0.017677669529664
 0.017677669529664
 0.017677669529664
 0.017677669529664
-0.017677669529664
-0.017677669529664
 0.017677669529664
 0.017677669529664
 0.017677669529664
 0.017677669529664
 0.017677669529664
 0.017677669529664
 0.017677669529664
 0.017677669529664
 0.017677669529664
 0.017677669529664
 0.017677669529664
 0.017677669529664
 0.017677669529664
 0.017677669529664
 0.017677669529664
 0.017677669529664
 0.017677669529664
 0.017677669529664
 0.017677669529664
 0.017677669529664
 0.017677669529664
 0.017677669529664
 0.017677669529664
 0.017677669529664
 0.017677669529664
 0.017677669529664
 0.017677669529664
 0.017677669529664
 0.017677669529664
 0.017677669529664
 0.017677669529664
 0.017677669529664
 0.017677669529664
 0.017677669529664
 0.017677669529664
 0.017677669529664
 0.017677669529664
 0.017677669529664
 0.017677669529664
 0.017677669529664
 0.017677669529664
 0.017677669529664
 0.017677669529664
 0.017677669529664
 0.017677669529664
 0.017677669529664
 0.017677669529664
 0.017677669529664
 0.017677669529664
 0.017677669529664
 0.017677669529664
 0.017677669529664
 0.017677669529664
 0.017677669529664
 0.017677669529664
-0.013888178223268
 0.017677669529664
 0.017677669529664
 0.017677669529664
 0.017677669529664
 0.017677669529664
 0.017677669529664
 0.017677669529664
 0.017677669529664
 0.017677669529664
 0.017677669529664
 0.017677669529664
 0.017677669529664
 0.017677669529664
 0.017677669529664
 0.017677669529664
 0.017677669529664
 0.017677669529664
 0.017677669529664
 0.017677669529664
 0.017677669529664
 0.017677669529664
 0.017677669529664
 0.017677669529664
 0.017677669529664
 0.017677669529664
 0.017677669529664
 0.017677669529664
 0.017677669529664
 0.017677669529664
 0.017677669529664
 0.017677669529664
 0.017677669529664
 0.017677669529664
 0.017677669529664
 0.017677669529664
 0.017677669529664
 0.017677669529664
 0.017677669529664
 0.017677669529664
 0.017677669529664
 0.017677669529664
 0.017677669529664
 0.017677669529664
 0.017677669529664
 0.017677669529664
 0.017677669529664
 0.017677669529664
 0.017677669529664
 0.017677669529664
 0.017677669529664
 0.017677669529664
 0.017677669529664
 0.017677669529664
 0.017677669529664
 0.017677669529664
 0.017677669529664
 0.017677669529664
 0.017677669529664
 0.017677669529664
 0.017677669529664
 0.017677669529664
 0.017677669529664
 0.017677669529664
 0.017677669529664
 0.017677669529664
 0.017677669529664
 0.017677669529664
 0.017677669529664
 0.017677669529664
 0.017677669529664
 0.017677669529664
 0.017677669529664
 0.017677669529664
 0.017677669529664
 0.017677669529664
 0.017677669529664
 0.017677669529664
 0.017677669529664
 0.017677669529664
 0.017677669529664
 0.017677669529664
 0.017677669529664
 0.017677669529664
 0.017677669529664
 0.017677669529664
 0.017677669529664
 0.017677669529664
 0.017677669529664
 0.017677669529664
 0.017677669529664
 0.017677669529664
 0.017677669529664
 0.017677669529664
 0.017677669529664
 0.017677669529664
 0.017677669529664
 0.017677669529664
 0.017677669529664
 0.017677669529664
 0.017677669529664
 0.017677669529664
 0.017677669529664
 0.017677669529664
 0.017677669529664
 0.017677669529664
 0.017677669529664
 0.017677669529664
 0.017677669529664
 0.017677669529664
-0.013008908618532
 0.001500303812983
 0.017677669529664
 0.017677669529664
 0.017677669529664
 0.017677669529664
 0.017677669529664
-0.017677669529664
-0.017677669529664
-0.017677669529664
 0.017677669529664
 0.017677669529664
 0.017677669529664
 0.017677669529664
-0.017677669529664
-0.017677669529664
-0.017677669529664
-0.017677669529664
-0.017677669529664
 0.017677669529664
 0.017677669529664
 0.017677669529664
-0.012105402928871
-0.017677669529664
-0.017677669529664
-0.017677669529664
-0.017677669529664
-0.001991636959890
 0.017677669529664
 0.017677669529664
 0.017677669529664
 0.017677669529664
 0.017677669529664
 0.017677669529664
 0.017677669529664
 0.017677669529664
 0.017677669529664
 0.017677669529664
 0.017677669529664
 0.017677669529664
 0.017677669529664
 0.017677669529664
 0.017677669529664
 0.017677669529664
 0.017677669529664
 0.017677669529664
 0.017677669529664
 0.017677669529664
 0.017677669529664
 0.017677669529664
 0.017677669529664
 0.017677669529664
 0.017677669529664
 0.017677669529664
 0.017677669529664
-0.014465071290699
-0.017677669529664
-0.017395728378335
 0.017677669529664
 0.017677669529664
 0.017677669529664
 0.017677669529664
 0.017677669529664
-0.017677669529664
-0.017677669529664
-0.017677669529664
-0.007184098830838
 0.017677669529664
 0.017677669529664
 0.017677669529664
-0.014667197764101
-0.017677669529664
-0.017677669529664
-0.017677669529664
-0.017677669529664
-0.012072221943164
 0.017677669529664
 0.017677669529664
-0.017677669529664
-0.017677669529664
-0.017677669529664
-0.017677669529664
-0.017677669529664
-0.017677669529664
 0.017677669529664
-0.017677669529664
-0.017677669529664
-0.017677669529664
-0.017677669529664
-0.017677669529664
-0.017677669529664
-0.017675760341354
 0.017677669529664
 0.017677669529664
 0.017677669529664
 0.017677669529664
 0.017677669529664
 0.017677669529664
 0.017677669529664
 0.017677669529664
 0.017677669529664
 0.017677669529664
 0.017677669529664
 0.006838058449795
 0.017677669529664
 0.017677669529664
 0.017677669529664
 0.017677669529664
 0.017677669529664
 0.017677669529664
-0.017677669529664
-0.017677669529664
-0.017677669529664
 0.017677669529664
 0.017677669529664
 0.017677669529664
 0.017677669529664
 0.017677669529664
-0.017677669529664
-0.017677669529664
-0.017677669529664
-0.007980212678107
 0.017677669529664
 0.017677669529664
 0.017677669529664
 0.017677669529664
-0.017677669529664
-0.017677669529664
-0.017677669529664
-0.017677669529664
-0.017677669529664
 0.017677669529664
 0.017677669529664
 0.017677669529664
-0.017677669529664
-0.017677669529664
-0.017677669529664
-0.017677669529664
-0.017677669529664
-0.017677669529664
 0.017677669529664
-0.017677669529664
-0.017677669529664
-0.017677669529664
-0.017677669529664
-0.017677669529664
-0.017677669529664
-0.017677669529664
-0.006247376800131
-0.017677669529664
-0.017677669529664
-0.017677669529664
-0.017677669529664
-0.017677669529664
-0.017677669529664
-0.017677669529664
 0.017677669529664
 0.017677669529664
 0.017677669529664
 0.017677669529664
 0.017677669529664
 0.017677669529664
 0.017677669529664
 0.017677669529664
 0.017677669529664
 0.017677669529664
 0.017677669529664
 0.017677669529664
 0.017677669529664
 0.017677669529664
 0.017677669529664
 0.017677669529664
 0.017677669529664
-0.001480769988152
-0.017677669529664
-0.017677669529664
 0.017677669529664
 0.017677669529664
 0.017677669529664
 0.017677669529664
 0.017677669529664
-0.014594365765639
-0.017677669529664
-0.017677669529664
-0.017677669529664
 0.017677669529664
 0.017677669529664
 0.017677669529664
 0.017677669529664
-0.017677669529664
-0.017677669529664
-0.017677669529664
-0.017677669529664
-0.017677669529664
 0.003420416921956
 0.017677669529664
 0.017677669529664
-0.017677669529664
-0.017677669529664
-0.017677669529664
-0.017677669529664
-0.017677669529664
-0.017677669529664
-0.017677669529664
 0.017677669529664
-0.017398503772451
-0.017677669529664
-0.017677669529664
-0.017677669529664
-0.017677669529664
-0.017677669529664
-0.017677669529664
 0.017677669529664
 0.017677669529664
 0.017677669529664
-0.017677669529664
-0.017677669529664
-0.017677669529664
-0.017677669529664
-0.017677669529664
 0.017677669529664
 0.017677669529664
 0.017677669529664
 0.017677669529664
 0.017677669529664
 0.017677669529664
 0.017677669529664
 0.017677669529664
 0.017677669529664
 0.017677669529664
 0.017677669529664
 0.017677669529664
 0.017677669529664
 0.017677669529664
 0.017677669529664
 0.017677669529664
 0.017677669529664
-0.007151837083947
-0.017677669529664
-0.017372429209895
 0.017677669529664
 0.017677669529664
 0.017677669529664
 0.017677669529664
 0.017677669529664
-0.017677669529664
-0.017677669529664
-0.017677669529664
-0.007060107656757
 0.017677669529664
 0.017677669529664
 0.017677669529664
 0.017677669529664
-0.017677669529664
-0.017677669529664
-0.017677669529664
-0.017677669529664
-0.017677669529664
 0.017677669529664
 0.017677669529664
 0.017677669529664
 0.017677669529664
-0.007939554038188
-0.017677669529664
-0.017677669529664
-0.017677669529664
-0.017677669529664
-0.017677669529664
 0.017677669529664
 0.017677669529664
 0.017677669529664
-0.017677669529664
-0.017677669529664
-0.017677669529664
-0.017677669529664
-0.017677669529664
 0.017677669529664
 0.017677669529664
 0.017677669529664
 0.017677669529664
-0.017677669529664
-0.017677669529664
-0.017677669529664
-0.017677669529664
 0.017677669529664
 0.017677669529664
 0.017677669529664
 0.017677669529664
 0.017677669529664
 0.017677669529664
 0.017677669529664
 0.017677669529664
 0.017677669529664
 0.017677669529664
 0.017677669529664
 0.017677669529664
 0.017677669529664
 0.017677669529664
 0.017677669529664
 0.017677669529664
 0.017677669529664
 0.017677669529664
 0.017677669529664
 0.017677669529664
 0.017677669529664
 0.017677669529664
 0.017677669529664
 0.017677669529664
 0.017677669529664
 0.017677669529664
 0.002899738843629
-0.017677669529664
 0.017677669529664
 0.017677669529664
 0.017677669529664
 0.017677669529664
 0.017677669529664
 0.017677669529664
 0.017677669529664
 0.017677669529664
-0.017677669529664
 0.017677669529664
 0.017677669529664
 0.017677669529664
 0.017677669529664
 0.017677669529664
 0.017677669529664
 0.017677669529664
-0.017677669529664
-0.017677669529664
-0.017677669529664
-0.011135464557117
 0.017677669529664
 0.017677669529664
 0.017677669529664
 0.017677669529664
-0.009045027102226
-0.017677669529664
-0.017677669529664
-0.017677669529664
 0.017677669529664
 0.017677669529664
 0.017677669529664
 0.017677669529664
 0.017677669529664
-0.017677669529664
-0.017677669529664
-0.017677669529664
 0.017677669529664
 0.017677669529664
 0.017677669529664
 0.017677669529664
 0.017677669529664
 0.017677669529664
 0.017677669529664
 0.017677669529664
 0.017677669529664
 0.017677669529664
 0.017677669529664
 0.017677669529664
 0.017677669529664
 0.017677669529664
 0.017677669529664
 0.017677669529664
 0.017677669529664
 0.017677669529664
 0.017677669529664
 0.017677669529664
 0.017677669529664
 0.017677669529664
 0.017677669529664
 0.017677669529664
 0.017677669529664
 0.017677669529664
 0.017677669529664
 0.017677669529664
 0.017677669529664
 0.017677669529664
 0.017677669529664
 0.017677669529664
 0.017677669529664
 0.017677669529664
 0.017677669529664
 0.017677669529664
 0.017677669529664
 0.017677669529664
 0.017677669529664
 0.017677669529664
 0.017677669529664
 0.017677669529664
 0.017677669529664
 0.017677669529664
 0.017677669529664
-0.017677669529664
 0.002650943322668
 0.017677669529664
 0.017677669529664
 0.017677669529664
 0.017677669529664
 0.017677669529664
 0.017677669529664
-0.017677669529664
-0.017677669529664
-0.017677669529664
 0.017677669529664
 0.017677669529664
 0.017677669529664
 0.017677669529664
 0.017677669529664
-0.017677669529664
-0.017677669529664
 0.017677669529664
 0.017677669529664
 0.017677669529664
 0.017677669529664
 0.017677669529664
 0.017677669529664
 0.017677669529664
 0.017677669529664
 0.017677669529664
 0.017677669529664
 0.017677669529664
 0.017677669529664
 0.017677669529664
 0.017677669529664
 0.017677669529664
 0.017677669529664
 0.017677669529664
 0.017677669529664
 0.017677669529664
 0.017677669529664
 0.017677669529664
 0.017677669529664
 0.017677669529664
 0.017677669529664
 0.017677669529664
 0.017677669529664
 0.017677669529664
 0.017677669529664
 0.017677669529664
 0.017677669529664
 0.017677669529664
 0.017677669529664
 0.017677669529664
 0.017677669529664
 0.017677669529664
 0.017677669529664
 0.017677669529664
 0.017677669529664
 0.017677669529664
 0.017677669529664
 0.017677669529664
 0.017677669529664
 0.017677669529664
 0.017677669529664
 0.017677669529664
 0.017677669529664
 0.017677669529664
 0.017677669529664
 0.017677669529664
 0.017677669529664
 0.017677669529664
 0.017677669529664
 0.017677669529664
 0.017677669529664
 0.017677669529664
-0.005779484243020
 0.017677669529664
 0.017677669529664
 0.017677669529664
 0.017677669529664
 0.017677669529664
 0.017677669529664
 0.017677669529664
 0.017677669529664
 0.017677669529664
 0.000000000000000
 0.000000000000000
 0.000000000000000
 0.000000000000000
 0.000000000000000
 0.000000000000000
 0.000000000000000
 0.000000000000000
 0.000000000000000
 0.000000000000000
 0.000000000000000
 0.000000000000000
 0.000000000000000
 0.000000000000000
 0.000000000000000
 0.000000000000000
 0.000000000000000
 0.000000000000000
 0.000000000000000
 0.000000000000000
 0.000000000000000
 0.000000000000000
 0.000000000000000
 0.000000000000000
 0.000000000000000
 0.000000000000000
 0.000000000000000
 0.000000000000000
 0.000000000000000
 0.000000000000000
 0.000000000000000
 0.000000000000000
 0.000000000000000
 0.000000000000000
 0.000000000000000
 0.000000000000000
 0.000000000000000
 0.000000000000000
 0.000000000000000
 0.000000000000000
 0.000000000000000
 0.000000000000000
 0.000000000000000
 0.000000000000000
 0.000000000000000
 0.000000000000000
 0.000000000000000
 0.000000000000000
 0.000000000000000
 0.000000000000000
 0.000000000000000
 0.000000000000000
 0.000000000000000
 0.000000000000000
 0.000000000000000
 0.000000000000000
 0.000000000000000
 0.000000000000000
 0.000000000000000
 0.000000000000000
 0.000000000000000
 0.000000000000000
 0.000000000000000
 0.000000000000000
 0.000000000000000
 0.000000000000000
 0.000000000000000
 0.000000000000000
 0.000000000000000
 0.000000000000000
 0.000000000000000
 0.000000000000000
 0.000000000000000
 0.000000000000000
 0.000000000000000
 0.000000000000000
 0.000000000000000
 0.000000000000000
 0.000000000000000
 0.000000000000000
 0.000000000000000
 0.000000000000000
 0.000000000000000
 0.000000000000000
 0.000000000000000
 0.000000000000000
 0.000000000000000
 0.000000000000000
 0.000000000000000
 0.000000000000000
 0.000000000000000
 0.000000000000000
 0.000000000000000
 0.000000000000000
 0.000000000000000
 0.000000000000000
 0.000000000000000
 0.000000000000000
 0.000000000000000
 0.000000000000000
 0.000000000000000
 0.000000000000000
 0.000000000000000
 0.000000000000000
 0.000000000000000
 0.000000000000000
 0.000000000000000
 0.000000000000000
 0.000000000000000
 0.000000000000000
 0.000000000000000
 0.000000000000000
 0.000000000000000
 0.000000000000000
 0.000000000000000
 0.000000000000000
 0.000000000000000
 0.000000000000000
 0.000000000000000
 0.000000000000000
 0.000000000000000
 0.000000000000000
 0.000000000000000
 0.000000000000000
 0.000000000000000
 0.000000000000000
 0.000000000000000
 0.000000000000000
 0.000000000000000
 0.000000000000000
 0.000000000000000
 0.000000000000000
 0.000000000000000
 0.000000000000000
 0.000000000000000
 0.000000000000000
 0.000000000000000
 0.000000000000000
 0.000000000000000
 0.000000000000000
 0.000000000000000
 0.000000000000000
 0.000000000000000
 0.000000000000000
 0.000000000000000
 0.000000000000000
 0.000000000000000
 0.000000000000000
 0.000000000000000
 0.000000000000000
 0.000000000000000
 0.000000000000000
 0.000000000000000
 0.000000000000000
 0.000000000000000
 0.000000000000000
 0.000000000000000
 0.000000000000000
 0.000000000000000
 0.000000000000000
 0.000000000000000
 0.000000000000000
 0.000000000000000
 0.000000000000000
 0.000000000000000
 0.000000000000000
 0.000000000000000
 0.000000000000000
 0.000000000000000
 0.000000000000000
 0.000000000000000
 0.000000000000000
 0.000000000000000
 0.000000000000000
 0.000000000000000
 0.000000000000000
 0.000000000000000
 0.000000000000000
 0.000000000000000
 0.000000000000000
 0.000000000000000
 0.000000000000000
 0.000000000000000
 0.000000000000000
 0.000000000000000
 0.000000000000000
 0.000000000000000
 0.000000000000000
 0.000000000000000
 0.000000000000000
 0.000000000000000
 0.000000000000000
 0.000000000000000
 0.000000000000000
 0.000000000000000
 0.000000000000000
 0.000000000000000
 0.000000000000000
 0.000000000000000
 0.000000000000000
 0.000000000000000
 0.000000000000000
 0.000000000000000
 0.000000000000000
 0.000000000000000
 0.000000000000000
 0.000000000000000
 0.000000000000000
 0.000000000000000
 0.000000000000000
 0.000000000000000
 0.000000000000000
 0.000000000000000
 0.000000000000000
 0.000000000000000
 0.000000000000000
 0.000000000000000
 0.000000000000000
 0.000000000000000
 0.000000000000000
 0.000000000000000
 0.000000000000000
 0.000000000000000
 0.000000000000000
 0.000000000000000
 0.000000000000000
 0.000000000000000
 0.000000000000000
 0.000000000000000
 0.000000000000000
 0.000000000000000
 0.000000000000000
 0.000000000000000
 0.000000000000000
 0.000000000000000
 0.000000000000000
 0.000000000000000
 0.000000000000000
 0.000000000000000
 0.000000000000000
 0.000000000000000
 0.000000000000000
 0.000000000000000
 0.000000000000000
 0.000000000000000
 0.000000000000000
 0.000000000000000
 0.000000000000000
 0.000000000000000
 0.000000000000000
 0.000000000000000
 0.000000000000000
 0.000000000000000
 0.000000000000000
 0.000000000000000
 0.000000000000000
 0.000000000000000
 0.000000000000000
 0.000000000000000
 0.000000000000000
 0.000000000000000
 0.000000000000000
 0.000000000000000
 0.000000000000000
 0.000000000000000
 0.000000000000000
 0.000000000000000
 0.000000000000000
 0.000000000000000
 0.000000000000000
 0.000000000000000
 0.000000000000000
 0.000000000000000
 0.000000000000000
 0.000000000000000
 0.000000000000000
 0.000000000000000
 0.000000000000000
 0.000000000000000
 0.000000000000000
 0.000000000000000
 0.000000000000000
 0.000000000000000
 0.000000000000000
 0.000000000000000
 0.000000000000000
 0.000000000000000
 0.000000000000000
 0.000000000000000
 0.000000000000000
 0.000000000000000
 0.000000000000000
 0.000000000000000
 0.000000000000000
 0.000000000000000
 0.000000000000000
 0.000000000000000
 0.000000000000000
 0.000000000000000
 0.000000000000000
 0.000000000000000
 0.000000000000000
 0.000000000000000
 0.000000000000000
 0.000000000000000
 0.000000000000000
 0.000000000000000
 0.000000000000000
 0.000000000000000
 0.000000000000000
 0.000000000000000
 0.000000000000000
 0.000000000000000
 0.000000000000000
 0.000000000000000
 0.000000000000000
 0.000000000000000
 0.000000000000000
 0.000000000000000
 0.000000000000000
 0.000000000000000
 0.000000000000000
 0.000000000000000
 0.000000000000000
 0.000000000000000
 0.000000000000000
 0.000000000000000
 0.000000000000000
 0.000000000000000
 0.000000000000000
 0.000000000000000
 0.000000000000000
 0.000000000000000
 0.000000000000000
 0.000000000000000
 0.000000000000000
 0.000000000000000
 0.000000000000000
 0.000000000000000
 0.000000000000000
 0.000000000000000
 0.000000000000000
 0.000000000000000
 0.000000000000000
 0.000000000000000
 0.000000000000000
 0.000000000000000
 0.000000000000000
 0.000000000000000
 0.000000000000000
 0.000000000000000
 0.000000000000000
 0.000000000000000
 0.000000000000000
 0.000000000000000
 0.000000000000000
 0.000000000000000
 0.000000000000000
 0.000000000000000
 0.000000000000000
 0.000000000000000
 0.000000000000000
 0.000000000000000
 0.000000000000000
 0.000000000000000
 0.000000000000000
 0.000000000000000
 0.000000000000000
 0.000000000000000
 0.000000000000000
 0.000000000000000
 0.000000000000000
 0.000000000000000
 0.000000000000000
 0.000000000000000
 0.000000000000000
 0.000000000000000
 0.000000000000000
 0.000000000000000
 0.000000000000000
 0.000000000000000
 0.000000000000000
 0.000000000000000
 0.000000000000000
 0.000000000000000
 0.000000000000000
 0.000000000000000
 0.000000000000000
 0.000000000000000
 0.000000000000000
 0.000000000000000
 0.000000000000000
 0.000000000000000
 0.000000000000000
 0.000000000000000
 0.000000000000000
 0.000000000000000
 0.000000000000000
 0.000000000000000
 0.000000000000000
 0.000000000000000
 0.000000000000000
 0.000000000000000
 0.000000000000000
 0.000000000000000
 0.000000000000000
 0.000000000000000
 0.000000000000000
 0.000000000000000
 0.000000000000000
 0.000000000000000
 0.000000000000000
 0.000000000000000
 0.000000000000000
 0.000000000000000
 0.000000000000000
 0.000000000000000
 0.000000000000000
 0.000000000000000
 0.000000000000000
 0.000000000000000
 0.000000000000000
 0.000000000000000
 0.000000000000000
 0.000000000000000
 0.000000000000000
 0.000000000000000
 0.000000000000000
 0.000000000000000
 0.000000000000000
 0.000000000000000
 0.000000000000000
 0.000000000000000
 0.000000000000000
 0.000000000000000
 0.000000000000000
 0.000000000000000
 0.000000000000000
 0.000000000000000
 0.000000000000000
 0.000000000000000
 0.000000000000000
 0.000000000000000
 0.000000000000000
 0.000000000000000
 0.000000000000000
 0.000000000000000
 0.000000000000000
 0.000000000000000
 0.000000000000000
 0.000000000000000
 0.000000000000000
 0.000000000000000
 0.000000000000000
 0.000000000000000
 0.000000000000000
 0.000000000000000
 0.000000000000000
 0.000000000000000
 0.000000000000000
 0.000000000000000
 0.000000000000000
 0.000000000000000
 0.000000000000000
 0.000000000000000
 0.000000000000000
 0.000000000000000
 0.000000000000000
 0.000000000000000
 0.000000000000000
 0.000000000000000
 0.000000000000000
 0.000000000000000
 0.000000000000000
 0.000000000000000
 0.000000000000000
 0.000000000000000
 0.000000000000000
 0.000000000000000
 0.000000000000000
 0.000000000000000
 0.000000000000000
 0.000000000000000
 0.000000000000000
 0.000000000000000
 0.000000000000000
 0.000000000000000
 0.000000000000000
 0.000000000000000
 0.000000000000000
 0.000000000000000
 0.000000000000000
 0.000000000000000
 0.000000000000000
 0.000000000000000
 0.000000000000000
 0.000000000000000
 0.000000000000000
 0.000000000000000
 0.000000000000000
 0.000000000000000
 0.000000000000000
 0.000000000000000
 0.000000000000000
 0.000000000000000
 0.000000000000000
 0.000000000000000
 0.000000000000000
 0.000000000000000
 0.021213203435596
 0.168939007090338
 0.000000000000000
 0.017677669529664
 0.001436894012380
 0.017677669529664
 0.017677669529664
 0.017677669529664
 0.017677669529664
 0.005552414577911
-0.017581626751109
-0.017677669529664
-0.017677669529664
-0.002486487963034
 0.017677669529664
 0.017677669529664
 0.017677669529664
-0.001584997527699
-0.008135617070942
-0.017677669529664
-0.017677669529664
 0.009717909915203
 0.017677669529664
 0.017677669529664
 0.017677669529664
 0.004758687216029
 0.001297505588138
 0.011386787984820
-0.017677669529664
 0.000931595506544
 0.017677669529664
 0.017677669529664
 0.016643967803917
 0.007880404555942
 0.005890323230971
-0.017677669529664
-0.017677669529664
-0.017677669529664
 0.002287985411885
 0.010931976903161
 0.009260783058835
 0.006933836063307
 0.006812744027029
-0.017677669529664
-0.017677669529664
-0.017677669529664
-0.017485690038572
-0.002451167979314
 0.002612282259407
 0.004405734866200
 0.005828080156557
-0.017677669529664
-0.017677669529664
-0.017677669529664
-0.017677669529664
-0.008946756937310
-0.001968673667171
 0.001853362228829
 0.004378140024064
-0.017677669529664
-0.017677669529664
-0.017677669529664
-0.017677669529664
-0.012659244315235
-0.005768594798589
-0.000531991786826
 0.003244806952848
 0.000777905847653
-0.017677669529664
 0.003804340548801
 0.017677669529664
 0.017677669529664
-0.017677669529664
-0.017677669529664
-0.017677669529664
-0.017677669529664
-0.017677669529664
-0.017677669529664
 0.017677669529664
 0.017677669529664
-0.009643133373092
-0.017677669529664
-0.017677669529664
-0.017677669529664
-0.017677669529664
 0.017677669529664
 0.017677669529664
 0.017677669529664
 0.017677669529664
-0.010648550827592
-0.015634502163095
 0.017677669529664
-0.017677669529664
 0.017677669529664
 0.017677669529664
 0.017677669529664
 0.017677669529664
 0.003621394346838
-0.001804907736648
-0.017677669529664
-0.017677669529664
-0.017677669529664
 0.017677669529664
 0.017677669529664
 0.012520333188071
 0.005783302619638
 0.002975346236207
-0.017677669529664
-0.017677669529664
-0.017677669529664
-0.017677669529664
-0.000256909571275
 0.004200426412282
 0.004391027045151
 0.004195476664814
-0.017677669529664
-0.017677669529664
-0.017677669529664
-0.017677669529664
-0.008410310377763
-0.000491863476993
 0.002801504034053
 0.004380084567712
-0.017677669529664
-0.017677669529664
-0.017677669529664
-0.017677669529664
-0.011065319564423
-0.003041602141604
 0.001759705935661
 0.004640918581623
 0.017677669529664
 0.017677669529664
 0.017677669529664
 0.017677669529664
-0.017677669529664
-0.017677669529664
-0.017677669529664
-0.017677669529664
-0.017677669529664
-0.017677669529664
-0.017677669529664
 0.017677669529664
 0.017677669529664
-0.017677669529664
-0.017677669529664
-0.017677669529664
-0.017677669529664
-0.017677669529664
 0.017677669529664
 0.017677669529664
 0.017677669529664
 0.012063825050137
-0.017677669529664
-0.017677669529664
 0.017677669529664
-0.017677669529664
 0.017677669529664
 0.017677669529664
 0.017677669529664
 0.017677669529664
-0.000857473038206
-0.009280051718623
-0.017677669529664
-0.017677669529664
-0.017677669529664
 0.017677669529664
 0.017677669529664
 0.014558356352807
 0.004658596251152
-0.000756233024809
-0.017677669529664
-0.017677669529664
-0.017677669529664
-0.016201548768598
 0.003533554006945
 0.006617953786481
 0.004962687522402
 0.002866045205505
-0.017677669529664
-0.017677669529664
-0.017677669529664
-0.017677669529664
-0.004318142013680
 0.002823919319016
 0.004756389118990
 0.004859131734297
-0.017677669529664
-0.017677669529664
-0.017677669529664
-0.017677669529664
-0.005594823307113
 0.001667463856055
 0.005068011077459
 0.006491487738666
 0.017677669529664
 0.017677669529664
 0.017677669529664
 0.017677669529664
-0.017677669529664
-0.017677669529664
-0.017677669529664
-0.017677669529664
-0.017677669529664
-0.017677669529664
-0.017677669529664
 0.017677669529664
 0.017677669529664
-0.017677669529664
-0.017677669529664
-0.017677669529664
-0.017677669529664
-0.017677669529664
 0.017677669529664
 0.017677669529664
 0.017677669529664
 0.007521282699447
-0.017677669529664
-0.017677669529664
 0.017677669529664
-0.017677669529664
 0.017677669529664
 0.017677669529664
 0.017677669529664
 0.017677669529664
-0.002389419879647
-0.015347257710907
-0.017677669529664
-0.017677669529664
-0.017677669529664
 0.017677669529664
 0.017677669529664
 0.014922869898509
 0.004112426973364
-0.004797348279291
-0.017677669529664
-0.017677669529664
-0.017677669529664
-0.006708799330194
 0.008740034269831
 0.010287325328423
 0.006474411109900
 0.001596293558529
-0.017677669529664
-0.017677669529664
-0.017677669529664
-0.010758046312659
 0.004046383200001
 0.008610403919170
 0.008082301219640
 0.005823625383835
-0.017677669529664
-0.017677669529664
-0.017677669529664
-0.006183896288850
 0.004099044977530
 0.008611340835655
 0.009508694696319
 0.008792448559986
 0.017677669529664
 0.017677669529664
 0.017677669529664
 0.017677669529664
 0.017677669529664
-0.004885082553166
-0.017677669529664
-0.017677669529664
 0.001401202797599
-0.017677669529664
 0.017677669529664
 0.017677669529664
 0.017677669529664
 0.017677669529664
-0.017677669529664
-0.017677669529664
-0.017677669529664
-0.017677669529664
-0.005758836725009
 0.017677669529664
 0.017677669529664
 0.017677669529664
-0.003976892281080
-0.017677669529664
-0.015784992163801
-0.017677669529664
-0.003303125584626
 0.017677669529664
 0.017677669529664
 0.017677669529664
 0.000777128030194
-0.017677669529664
-0.017677669529664
-0.017677669529664
-0.010778145822914
 0.015626193658416
 0.017677669529664
 0.017677669529664
 0.005121397639439
-0.010221193166712
-0.017677669529664
-0.017677669529664
-0.016653160192072
 0.007608681097602
 0.017677669529664
 0.017667098283285
 0.010031653194015
 0.000437875874250
-0.017677669529664
-0.017677669529664
-0.010037911089029
 0.008773904684649
 0.017677669529664
 0.017677669529664
 0.013951146082132
 0.007693834431726
 0.004730173135078
-0.000636979466162
 0.005238706654438
 0.013460537719676
 0.017677669529664
 0.017677669529664
 0.015945788245843
 0.011934618963545
 0.017677669529664
 0.017677669529664
 0.017677669529664
 0.017677669529664
 0.017677669529664
 0.017677669529664
 0.017677669529664
 0.017677669529664
 0.017677669529664
 0.017677669529664
 0.017677669529664
 0.017677669529664
 0.017677669529664
 0.017677669529664
 0.017677669529664
-0.004143221473684
 0.010661208038975
 0.004188635406706
 0.017677669529664
 0.017677669529664
 0.017677669529664
 0.017677669529664
 0.017677669529664
-0.017677669529664
 0.001217478778177
-0.004086847385554
 0.010761157582496
 0.017677669529664
 0.017677669529664
 0.017677669529664
 0.004983069875369
-0.017677669529664
-0.009845949275606
-0.009314275686832
 0.004710603954909
 0.017677669529664
 0.017677669529664
 0.017677669529664
 0.008168373792580
-0.017643003619716
-0.014371149832488
-0.009638130592616
 0.006091106201489
 0.017677669529664
 0.017677669529664
 0.017677669529664
 0.017677669529664
 0.000363594306886
 0.005256684844349
 0.005170364784036
 0.015974373037472
 0.017677669529664
 0.017677669529664
 0.017677669529664
 0.017677669529664
 0.011447811300037
 0.017677669529664
 0.017677669529664
 0.017677669529664
 0.017677669529664
 0.017677669529664
 0.017677669529664
 0.017677669529664
 0.016513488925118
 0.017677669529664
 0.017677669529664
 0.017677669529664
 0.017677669529664
 0.017677669529664
 0.017677669529664
 0.017677669529664
 0.017677669529664
 0.017677669529664
 0.017677669529664
 0.017677669529664
 0.017677669529664
 0.017677669529664
 0.017677669529664
 0.017677669529664
-0.017677669529664
 0.017677669529664
 0.017677669529664
 0.017677669529664
 0.017677669529664
 0.017677669529664
 0.017677669529664
 0.017677669529664
-0.017677669529664
 0.005738772570093
 0.005535603114188
 0.015600808524971
 0.017677669529664
 0.017677669529664
 0.017677669529664
 0.005282317465167
-0.017677669529664
-0.003334662547067
-0.003897590255570
 0.007348854710855
 0.017677669529664
 0.017677669529664
 0.017677669529664
 0.013705974483426
-0.017677669529664
-0.003096703437528
-0.006144457408129
 0.010516816834257
 0.017677669529664
 0.017677669529664
 0.017677669529664
 0.017677669529664
 0.003966709943431
 0.017677669529664
 0.009430471008651
 0.017677669529664
 0.017677669529664
 0.017677669529664
 0.017677669529664
 0.017677669529664
 0.017677669529664
 0.017677669529664
 0.017677669529664
 0.017677669529664
 0.017677669529664
 0.017677669529664
 0.017677669529664
 0.017677669529664
 0.017677669529664
 0.017677669529664
 0.017677669529664
 0.017677669529664
 0.017677669529664
 0.017677669529664
 0.017677669529664
 0.017677669529664
-0.017677669529664
 0.017677669529664
 0.017677669529664
 0.017677669529664
 0.017677669529664
 0.017677669529664
 0.017677669529664
-0.017677669529664
-0.017677669529664
 0.010210621920334
 0.013359615904331
 0.017677669529664
 0.017677669529664
 0.017677669529664
 0.017677669529664
-0.017677669529664
-0.017677669529664
-0.000645871333936
-0.001618938653196
 0.005497825934404
 0.017677669529664
 0.017677669529664
 0.017677669529664
 0.002118739403808
-0.017677669529664
-0.010815746226004
-0.017677669529664
-0.017052622490434
 0.017677669529664
 0.017677669529664
 0.017677669529664
 0.017677669529664
-0.009385870248427
-0.013962017848893
-0.017677669529664
-0.017677669529664
 0.017677669529664
 0.017677669529664
 0.017677669529664
 0.017677669529664
 0.013431846862029
 0.010251528047625
-0.017677669529664
-0.017677669529664
 0.017677669529664
 0.017677669529664
 0.017677669529664
 0.017677669529664
 0.017677669529664
 0.017677669529664
 0.017677669529664
-0.017677669529664
 0.017677669529664
 0.017677669529664
 0.017677669529664
 0.017677669529664
 0.017677669529664
 0.017677669529664
 0.017677669529664
 0.017677669529664
 0.017677669529664
 0.017677669529664
 0.017677669529664
 0.017677669529664
 0.017677669529664
 0.017677669529664
 0.017677669529664
 0.017677669529664
 0.017677669529664
 0.017677669529664
 0.017677669529664
 0.017677669529664
 0.017677669529664
 0.017677669529664
 0.017677669529664
 0.017677669529664
 0.017677669529664
 0.017677669529664
 0.017677669529664
 0.017677669529664
 0.017677669529664
 0.017677669529664
 0.017677669529664
 0.017677669529664
 0.017677669529664
 0.017677669529664
 0.017677669529664
 0.017677669529664
 0.017677669529664
 0.017677669529664
 0.017677669529664
 0.017677669529664
 0.017677669529664
 0.017677669529664
 0.017677669529664
 0.017677669529664
 0.017677669529664
 0.017677669529664
 0.017677669529664
 0.017677669529664
 0.017677669529664
 0.017677669529664
 0.017677669529664
 0.017677669529664
 0.017677669529664
 0.017677669529664
 0.017677669529664
 0.017677669529664
 0.017677669529664
 0.017677669529664
 0.017677669529664
 0.017677669529664
 0.017677669529664
 0.017677669529664
 0.017677669529664
 0.017677669529664
 0.017677669529664
 0.017677669529664
 0.017677669529664
 0.017677669529664
 0.017677669529664
 0.017677669529664
 0.017677669529664
 0.017677669529664
 0.017677669529664
 0.017677669529664
 0.017677669529664
 0.017677669529664
 0.017677669529664
 0.017677669529664
 0.017677669529664
 0.017677669529664
 0.017677669529664
 0.017677669529664
 0.017677669529664
 0.017677669529664
 0.017677669529664
 0.017677669529664
 0.017677669529664
 0.017677669529664
 0.017677669529664
 0.017677669529664
 0.017677669529664
 0.017677669529664
 0.017677669529664
 0.017677669529664
 0.017677669529664
 0.017677669529664
 0.017677669529664
 0.017677669529664
 0.017677669529664
 0.017677669529664
 0.017677669529664
 0.017677669529664
 0.017677669529664
 0.017677669529664
 0.017677669529664
 0.017677669529664
 0.017677669529664
 0.017677669529664
 0.017677669529664
 0.017677669529664
 0.017677669529664
 0.017677669529664
 0.017677669529664
 0.017677669529664
 0.017677669529664
 0.017677669529664
 0.017677669529664
 0.017677669529664
 0.017677669529664
 0.017677669529664
 0.017677669529664
 0.017677669529664
 0.017677669529664
 0.017677669529664
 0.017677669529664
 0.017677669529664
 0.017677669529664
 0.017677669529664
 0.017677669529664
 0.017677669529664
 0.017677669529664
 0.017677669529664
 0.017677669529664
 0.017677669529664
 0.017677669529664
 0.017677669529664
 0.017677669529664
 0.017677669529664
 0.017677669529664
 0.017677669529664
 0.017677669529664
 0.017677669529664
 0.017677669529664
 0.017677669529664
 0.017677669529664
 0.017677669529664
 0.017677669529664
 0.017677669529664
 0.017677669529664
 0.017677669529664
 0.017677669529664
 0.017677669529664
 0.017677669529664
 0.017677669529664
 0.017677669529664
 0.017677669529664
 0.017677669529664
 0.017677669529664
 0.017677669529664
 0.017677669529664
 0.017677669529664
 0.017677669529664
 0.017677669529664
 0.017677669529664
 0.017677669529664
 0.017677669529664
 0.017677669529664
 0.017677669529664
 0.017677669529664
 0.017677669529664
 0.017677669529664
 0.017677669529664
 0.017677669529664
 0.017677669529664
 0.017677669529664
 0.017677669529664
 0.017677669529664
 0.017677669529664
 0.017677669529664
 0.017677669529664
 0.017677669529664
 0.017677669529664
 0.017677669529664
 0.017677669529664
 0.017677669529664
 0.017677669529664
-0.017677669529664
 0.017677669529664
 0.017677669529664
 0.017677669529664
 0.017677669529664
 0.017677669529664
 0.017677669529664
 0.017677669529664
-0.017677669529664
 0.017677669529664
 0.017677669529664
 0.017677669529664
 0.017677669529664
 0.017677669529664
 0.017677669529664
 0.017677669529664
 0.017677669529664
 0.017677669529664
 0.017677669529664
 0.017677669529664
 0.017677669529664
 0.017677669529664
 0.017677669529664
 0.017677669529664
 0.017677669529664
 0.017677669529664
 0.017677669529664
 0.017677669529664
 0.017677669529664
 0.017677669529664
 0.017677669529664
 0.017677669529664
 0.017677669529664
 0.017677669529664
 0.017677669529664
 0.017677669529664
 0.017677669529664
 0.017677669529664
 0.017677669529664
 0.017677669529664
 0.017677669529664
 0.017677669529664
 0.017677669529664
 0.017677669529664
 0.017677669529664
 0.017677669529664
 0.017677669529664
 0.017677669529664
 0.017677669529664
 0.017677669529664
 0.017677669529664
 0.017677669529664
 0.017677669529664
 0.017677669529664
 0.017677669529664
 0.017677669529664
-0.017677669529664
-0.017677669529664
 0.017677669529664
 0.017677669529664
 0.017677669529664
 0.017677669529664
 0.017677669529664
 0.017677669529664
-0.017677669529664
-0.017677669529664
 0.017677669529664
 0.017677669529664
 0.017677669529664
 0.017677669529664
 0.017677669529664
 0.017677669529664
-0.017677669529664
-0.017677669529664
 0.017677669529664
 0.017677669529664
 0.017677669529664
 0.017677669529664
 0.017677669529664
 0.017677669529664
 0.017677669529664
 0.017677669529664
 0.017677669529664
 0.017677669529664
 0.017677669529664
 0.017677669529664
 0.017677669529664
 0.017677669529664
 0.017677669529664
 0.017677669529664
 0.017677669529664
 0.017677669529664
 0.017677669529664
 0.017677669529664
 0.017677669529664
 0.017677669529664
 0.017677669529664
 0.017677669529664
 0.017677669529664
 0.017677669529664
 0.017677669529664
 0.017677669529664
 0.017677669529664
 0.017677669529664
 0.017677669529664
 0.017677669529664
 0.017677669529664
 0.017677669529664
 0.017677669529664
 0.017677669529664
 0.017677669529664
 0.017677669529664
 0.017677669529664
 0.017677669529664
 0.017677669529664
 0.017677669529664
 0.017677669529664
 0.017677669529664
 0.017677669529664
 0.017677669529664
-0.014927147894535
-0.017677669529664
 0.017677669529664
 0.017677669529664
 0.017677669529664
 0.017677669529664
 0.017677669529664
 0.017677669529664
-0.017677669529664
-0.017677669529664
 0.017677669529664
 0.017677669529664
 0.017677669529664
 0.017677669529664
 0.017677669529664
 0.017677669529664
-0.017396400129777
-0.017677669529664
 0.017677669529664
 0.017677669529664
 0.017677669529664
 0.017677669529664
 0.017677669529664
 0.017677669529664
 0.017677669529664
 0.017677669529664
 0.017677669529664
 0.017677669529664
 0.017677669529664
 0.017677669529664
 0.017677669529664
 0.017677669529664
 0.017677669529664
 0.017677669529664
 0.017677669529664
 0.017677669529664
 0.017677669529664
 0.017677669529664
 0.017677669529664
 0.017677669529664
 0.017677669529664
 0.017677669529664
 0.017677669529664
 0.017677669529664
 0.017677669529664
 0.017677669529664
 0.017677669529664
 0.017677669529664
 0.017677669529664
 0.017677669529664
 0.017677669529664
 0.017677669529664
 0.017677669529664
 0.017677669529664
 0.017677669529664
 0.017677669529664
 0.017677669529664
 0.017677669529664
 0.017677669529664
 0.017677669529664
 0.017677669529664
 0.017677669529664
 0.017677669529664
 0.017677669529664
 0.017677669529664
 0.017677669529664
 0.017677669529664
 0.017677669529664
 0.017677669529664
 0.017677669529664
 0.017677669529664
 0.017677669529664
 0.017677669529664
 0.017677669529664
 0.017677669529664
 0.017677669529664
 0.017677669529664
 0.017677669529664
 0.017677669529664
 0.017677669529664
 0.017677669529664
 0.017677669529664
 0.017677669529664
 0.017677669529664
 0.017677669529664
 0.017677669529664
 0.017677669529664
 0.017677669529664
 0.017677669529664
 0.017677669529664
 0.017677669529664
 0.017677669529664
 0.017677669529664
 0.017677669529664
 0.017677669529664
 0.017677669529664
 0.017677669529664
 0.017677669529664
 0.017677669529664
 0.017677669529664
 0.017677669529664
 0.017677669529664
 0.017677669529664
 0.017677669529664
 0.017677669529664
 0.017677669529664
 0.017677669529664
 0.017677669529664
 0.017677669529664
 0.017677669529664
 0.017677669529664
 0.017677669529664
 0.017677669529664
 0.017677669529664
 0.017677669529664
 0.017677669529664
 0.017677669529664
 0.017677669529664
 0.017677669529664
 0.017677669529664
 0.017677669529664
 0.017677669529664
 0.017677669529664
 0.017677669529664
 0.017677669529664
 0.017677669529664
 0.017677669529664
 0.017677669529664
 0.017677669529664
 0.017677669529664
 0.017677669529664
 0.017677669529664
 0.017677669529664
 0.017677669529664
 0.017677669529664
 0.017677669529664
 0.017677669529664
 0.017677669529664
 0.017677669529664
 0.017677669529664
 0.017677669529664
 0.017677669529664
 0.017677669529664
 0.017677669529664
 0.017677669529664
 0.017677669529664
 0.017677669529664
 0.017677669529664
 0.017677669529664
 0.017677669529664
 0.017677669529664
 0.017677669529664
 0.017677669529664
 0.017677669529664
 0.017677669529664
 0.017677669529664
 0.017677669529664
 0.017677669529664
 0.017677669529664
 0.017677669529664
 0.017677669529664
 0.017677669529664
 0.017677669529664
 0.017677669529664
 0.017677669529664
 0.017677669529664
 0.017677669529664
 0.017677669529664
 0.017677669529664
 0.017677669529664
 0.017677669529664
 0.017677669529664
 0.017677669529664
 0.017677669529664
 0.017677669529664
 0.017677669529664
 0.017677669529664
 0.017677669529664
 0.017677669529664
 0.017677669529664
 0.017677669529664
 0.017677669529664
 0.017677669529664
 0.017677669529664
 0.017677669529664
 0.017677669529664
 0.017677669529664
 0.017677669529664
 0.017677669529664
 0.017677669529664
 0.017677669529664
 0.017677669529664
 0.017677669529664
 0.017677669529664
 0.017677669529664
 0.017677669529664
 0.017677669529664
 0.017677669529664
 0.017677669529664
 0.017677669529664
 0.017677669529664
 0.017677669529664
 0.017677669529664
 0.017677669529664
 0.017677669529664
 0.017677669529664
 0.017677669529664
 0.017677669529664
 0.017677669529664
 0.017677669529664
 0.017677669529664
 0.017677669529664
 0.017677669529664
 0.017677669529664
 0.017677669529664
 0.017677669529664
 0.017677669529664
 0.017677669529664
 0.017677669529664
 0.017677669529664
 0.017677669529664
 0.017677669529664
 0.017677669529664
 0.017677669529664
 0.017677669529664
 0.017677669529664
 0.017677669529664
 0.017677669529664
 0.017677669529664
 0.017677669529664
 0.017677669529664
 0.017677669529664
 0.017677669529664
 0.017677669529664
 0.017677669529664
 0.017677669529664
 0.017677669529664
 0.017677669529664
 0.017677669529664
 0.017677669529664
 0.017677669529664
 0.017677669529664
 0.017677669529664
 0.017677669529664
 0.017677669529664
 0.017677669529664
 0.017677669529664
 0.017677669529664
 0.017677669529664
 0.017677669529664
 0.017677669529664
 0.017677669529664
 0.017677669529664
 0.017677669529664
 0.017677669529664
 0.017677669529664
 0.017677669529664
 0.017677669529664
 0.017677669529664
 0.017677669529664
 0.017677669529664
 0.017677669529664
 0.017677669529664
-0.017677669529664
 0.017677669529664
 0.017677669529664
 0.017677669529664
 0.017677669529664
 0.017677669529664
 0.017677669529664
 0.017677669529664
 0.017677669529664
 0.010431133170047
 0.017677669529664
 0.017677669529664
 0.017677669529664
 0.017677669529664
 0.017677669529664
 0.017677669529664
 0.017677669529664
 0.017677669529664
 0.017677669529664
 0.017677669529664
 0.017677669529664
 0.017677669529664
 0.017677669529664
 0.017677669529664
 0.017677669529664
 0.017677669529664
 0.017677669529664
 0.017677669529664
 0.017677669529664
 0.017677669529664
 0.017677669529664
 0.017677669529664
 0.017677669529664
 0.017677669529664
 0.017677669529664
 0.017677669529664
 0.017677669529664
 0.017677669529664
 0.017677669529664
 0.017677669529664
 0.017677669529664
 0.017677669529664
 0.017677669529664
 0.017677669529664
 0.017677669529664
 0.017677669529664
 0.017677669529664
 0.017677669529664
 0.017677669529664
 0.017677669529664
 0.017677669529664
 0.017677669529664
 0.017677669529664
 0.017677669529664
 0.017677669529664
 0.017677669529664
 0.017677669529664
 0.017677669529664
 0.017677669529664
 0.017677669529664
 0.017677669529664
 0.017677669529664
 0.017677669529664
 0.017677669529664
-0.017677669529664
-0.017677669529664
 0.017677669529664
 0.017677669529664
 0.017677669529664
 0.017677669529664
 0.017677669529664
 0.017677669529664
 0.007950637936983
-0.017677669529664
-0.017677669529664
 0.017677669529664
 0.017677669529664
 0.017677669529664
 0.017677669529664
 0.017677669529664
 0.017677669529664
 0.017677669529664
 0.017677669529664
 0.017677669529664
 0.017677669529664
 0.017677669529664
 0.017677669529664
 0.017677669529664
 0.017677669529664
 0.017677669529664
 0.017677669529664
 0.017677669529664
 0.017677669529664
 0.017677669529664
 0.017677669529664
 0.017677669529664
 0.017677669529664
 0.017677669529664
 0.017677669529664
 0.017677669529664
 0.017677669529664
 0.017677669529664
 0.017677669529664
 0.017677669529664
 0.017677669529664
 0.017677669529664
 0.017677669529664
 0.017677669529664
 0.017677669529664
 0.017677669529664
 0.017677669529664
 0.017677669529664
 0.017677669529664
 0.001764761749146
 0.017677669529664
 0.017677669529664
 0.017677669529664
 0.017677669529664
 0.017677669529664
 0.017677669529664
 0.017677669529664
-0.017677669529664
-0.007778864022164
 0.017677669529664
 0.017677669529664
 0.017677669529664
 0.017677669529664
 0.017677669529664
-0.017677669529664
-0.017677669529664
-0.017677669529664
 0.017677669529664
 0.017677669529664
 0.017677669529664
 0.017677669529664
 0.017677669529664
-0.017677669529664
-0.017677669529664
-0.017677669529664
 0.017677669529664
 0.017677669529664
 0.017677669529664
 0.017677669529664
 0.017677669529664
 0.017677669529664
 0.017677669529664
 0.017677669529664
 0.017677669529664
 0.017677669529664
 0.017677669529664
 0.017677669529664
 0.017677669529664
 0.017677669529664
 0.017677669529664
 0.017677669529664
 0.017677669529664
 0.017677669529664
 0.017677669529664
 0.017677669529664
 0.017677669529664
 0.017677669529664
 0.017677669529664
 0.017677669529664
 0.017677669529664
 0.017677669529664
 0.017677669529664
 0.017677669529664
 0.017677669529664
 0.017677669529664
 0.017677669529664
 0.017677669529664
 0.017677669529664
 0.017677669529664
 0.017677669529664
 0.017677669529664
 0.017677669529664
 0.017677669529664
-0.017677669529664
-0.017677669529664
 0.017333980278668
 0.017677669529664
 0.017677669529664
 0.017677669529664
 0.017677669529664
 0.005578206297755
-0.017677669529664
-0.017677669529664
-0.017677669529664
 0.017677669529664
 0.017677669529664
 0.017677669529664
 0.017677669529664
-0.017677669529664
-0.017677669529664
-0.017677669529664
-0.017677669529664
 0.017677669529664
 0.017677669529664
 0.017677669529664
 0.017677669529664
-0.017677669529664
-0.017677669529664
-0.017677669529664
 0.017677669529664
 0.017677669529664
 0.017677669529664
 0.017677669529664
 0.017677669529664
 0.017677669529664
 0.017677669529664
 0.017677669529664
 0.017677669529664
 0.017677669529664
 0.017677669529664
 0.017677669529664
 0.017677669529664
 0.017677669529664
 0.017677669529664
 0.017677669529664
 0.017677669529664
 0.017677669529664
 0.017677669529664
 0.017677669529664
 0.017677669529664
 0.017677669529664
 0.017677669529664
 0.017677669529664
 0.017677669529664
 0.017677669529664
 0.017677669529664
 0.017677669529664
 0.017677669529664
 0.017677669529664
 0.017677669529664
 0.017677669529664
 0.017677669529664
 0.017677669529664
 0.017677669529664
 0.017677669529664
 0.017677669529664
 0.017677669529664
 0.017677669529664
 0.017677669529664
 0.017677669529664
 0.017677669529664
 0.017677669529664
 0.017677669529664
 0.017677669529664
-0.017677669529664
-0.017677669529664
-0.017677669529664
-0.017677669529664
 0.017677669529664
 0.017677669529664
 0.017677669529664
 0.017677669529664
-0.017677669529664
-0.017677669529664
-0.017677669529664
-0.017677669529664
 0.017677669529664
 0.017677669529664
 0.017677669529664
 0.017677669529664
 0.017677669529664
-0.017677669529664
-0.017677669529664
 0.017677669529664
 0.017677669529664
 0.017677669529664
 0.017677669529664
 0.017677669529664
 0.017677669529664
 0.017677669529664
 0.017677669529664
 0.017677669529664
 0.017677669529664
 0.017677669529664
 0.017677669529664
 0.017677669529664
 0.017677669529664
 0.017677669529664
 0.017677669529664
 0.017677669529664
 0.017677669529664
 0.017677669529664
 0.017677669529664
 0.017677669529664
 0.017677669529664
 0.017677669529664
 0.017677669529664
 0.017677669529664
 0.017677669529664
 0.017677669529664
 0.017677669529664
 0.017677669529664
 0.017677669529664
 0.017677669529664
 0.017677669529664
 0.017677669529664
 0.017677669529664
 0.017677669529664
 0.017677669529664
 0.017677669529664
 0.017677669529664
 0.017677669529664
 0.017677669529664
 0.017677669529664
 0.017677669529664
 0.017677669529664
 0.017677669529664
 0.017677669529664
 0.017677669529664
 0.016243975175469
-0.017677669529664
 0.017677669529664
 0.017677669529664
 0.017677669529664
 0.017677669529664
 0.017677669529664
 0.017677669529664
 0.017677669529664
-0.017677669529664
-0.017677669529664
 0.017677669529664
 0.017677669529664
 0.017677669529664
 0.017677669529664
 0.017677669529664
 0.017677669529664
-0.017677669529664
-0.017677669529664
 0.017677669529664
 0.017677669529664
 0.017677669529664
 0.017677669529664
 0.017677669529664
 0.017677669529664
 0.017677669529664
 0.017677669529664
 0.017677669529664
 0.017677669529664
 0.017677669529664
 0.017677669529664
 0.017677669529664
 0.017677669529664
 0.017677669529664
 0.017677669529664
 0.017677669529664
 0.017677669529664
 0.017677669529664
 0.017677669529664
 0.017677669529664
 0.017677669529664
 0.017677669529664
 0.017677669529664
 0.017677669529664
 0.017677669529664
 0.017677669529664
 0.017677669529664
 0.017677669529664
 0.017677669529664
 0.017677669529664
 0.017677669529664
 0.017677669529664
 0.017677669529664
 0.017677669529664
 0.017677669529664
 0.017677669529664
 0.017677669529664
 0.017677669529664
 0.017677669529664
 0.017677669529664
 0.017677669529664
 0.017677669529664
 0.017677669529664
 0.017677669529664
 0.017677669529664
 0.017677669529664
 0.017677669529664
 0.017677669529664
 0.017677669529664
 0.017677669529664
 0.017677669529664
 0.017677669529664
 0.017677669529664
 0.017677669529664
-0.017677669529664
 0.017677669529664
 0.017677669529664
 0.017677669529664
 0.017677669529664
 0.017677669529664
 0.017677669529664
 0.017677669529664
-0.017677669529664
 0.017677669529664
 0.017677669529664
 0.017677669529664
 0.017677669529664
 0.017677669529664
 0.017677669529664
 0.017677669529664
 0.017677669529664
 0.017677669529664
 0.017677669529664
 0.017677669529664
 0.017677669529664
 0.017677669529664
 0.017677669529664
 0.017677669529664
 0.017677669529664
 0.017677669529664
 0.017677669529664
 0.017677669529664
 0.017677669529664
 0.017677669529664
 0.017677669529664
 0.017677669529664
 0.017677669529664
 0.017677669529664
 0.017677669529664
 0.017677669529664
 0.017677669529664
 0.017677669529664
 0.017677669529664
 0.017677669529664
 0.017677669529664
 0.017677669529664
 0.017677669529664
 0.017677669529664
 0.017677669529664
 0.017677669529664
 0.017677669529664
 0.017677669529664
 0.017677669529664
 0.017677669529664
 0.017677669529664
 0.017677669529664
 0.017677669529664
 0.017677669529664
 0.017677669529664
 0.017677669529664
 0.017677669529664
 0.017677669529664
 0.017677669529664
 0.017677669529664
 0.017677669529664
 0.017677669529664
 0.017677669529664
 0.017677669529664
 0.017677669529664
 0.017677669529664
 0.017677669529664
 0.017677669529664
 0.017677669529664
 0.017677669529664
 0.017677669529664
 0.017677669529664
 0.017677669529664
 0.000000000000000
 0.000000000000000
 0.000000000000000
 0.000000000000000
 0.000000000000000
 0.000000000000000
 0.000000000000000
 0.000000000000000
 0.000000000000000
 0.000000000000000
 0.000000000000000
 0.000000000000000
 0.000000000000000
 0.000000000000000
 0.000000000000000
 0.000000000000000
 0.000000000000000
 0.000000000000000
 0.000000000000000
 0.000000000000000
 0.000000000000000
 0.000000000000000
 0.000000000000000
 0.000000000000000
 0.000000000000000
 0.000000000000000
 0.000000000000000
 0.000000000000000
 0.000000000000000
 0.000000000000000
 0.000000000000000
 0.000000000000000
 0.000000000000000
 0.000000000000000
 0.000000000000000
 0.000000000000000
 0.000000000000000
 0.000000000000000
 0.000000000000000
 0.000000000000000
 0.000000000000000
 0.000000000000000
 0.000000000000000
 0.000000000000000
 0.000000000000000
 0.000000000000000
 0.000000000000000
 0.000000000000000
 0.000000000000000
 0.000000000000000
 0.000000000000000
 0.000000000000000
 0.000000000000000
 0.000000000000000
 0.000000000000000
 0.000000000000000
 0.000000000000000
 0.000000000000000
 0.000000000000000
 0.000000000000000
 0.000000000000000
 0.000000000000000
 0.000000000000000
 0.000000000000000
 0.000000000000000
 0.000000000000000
 0.000000000000000
 0.000000000000000
 0.000000000000000
 0.000000000000000
 0.000000000000000
 0.000000000000000
 0.000000000000000
 0.000000000000000
 0.000000000000000
 0.000000000000000
 0.000000000000000
 0.000000000000000
 0.000000000000000
 0.000000000000000
 0.000000000000000
 0.000000000000000
 0.000000000000000
 0.000000000000000
 0.000000000000000
 0.000000000000000
 0.000000000000000
 0.000000000000000
 0.000000000000000
 0.000000000000000
 0.000000000000000
 0.000000000000000
 0.000000000000000
 0.000000000000000
 0.000000000000000
 0.000000000000000
 0.000000000000000
 0.000000000000000
 0.000000000000000
 0.000000000000000
 0.000000000000000
 0.000000000000000
 0.000000000000000
 0.000000000000000
 0.000000000000000
 0.000000000000000
 0.000000000000000
 0.000000000000000
 0.000000000000000
 0.000000000000000
 0.000000000000000
 0.000000000000000
 0.000000000000000
 0.000000000000000
 0.000000000000000
 0.000000000000000
 0.000000000000000
 0.000000000000000
 0.000000000000000
 0.000000000000000
 0.000000000000000
 0.000000000000000
 0.000000000000000
 0.000000000000000
 0.000000000000000
 0.000000000000000
 0.000000000000000
 0.000000000000000
 0.000000000000000
 0.000000000000000
 0.000000000000000
 0.000000000000000
 0.000000000000000
 0.000000000000000
 0.000000000000000
 0.000000000000000
 0.000000000000000
 0.000000000000000
 0.000000000000000
 0.000000000000000
 0.000000000000000
 0.000000000000000
 0.000000000000000
 0.000000000000000
 0.000000000000000
 0.000000000000000
 0.000000000000000
 0.000000000000000
 0.000000000000000
 0.000000000000000
 0.000000000000000
 0.000000000000000
 0.000000000000000
 0.000000000000000
 0.000000000000000
 0.000000000000000
 0.000000000000000
 0.000000000000000
 0.000000000000000
 0.000000000000000
 0.000000000000000
 0.000000000000000
 0.000000000000000
 0.000000000000000
 0.000000000000000
 0.000000000000000
 0.000000000000000
 0.000000000000000
 0.000000000000000
 0.000000000000000
 0.000000000000000
 0.000000000000000
 0.000000000000000
 0.000000000000000
 0.000000000000000
 0.000000000000000
 0.000000000000000
 0.000000000000000
 0.000000000000000
 0.000000000000000
 0.000000000000000
 0.000000000000000
 0.000000000000000
 0.000000000000000
 0.000000000000000
 0.000000000000000
 0.000000000000000
 0.000000000000000
 0.000000000000000
 0.000000000000000
 0.000000000000000
 0.000000000000000
 0.000000000000000
 0.000000000000000
 0.000000000000000
 0.000000000000000
 0.000000000000000
 0.000000000000000
 0.000000000000000
 0.000000000000000
 0.000000000000000
 0.000000000000000
 0.000000000000000
 0.000000000000000
 0.000000000000000
 0.000000000000000
 0.000000000000000
 0.000000000000000
 0.000000000000000
 0.000000000000000
 0.000000000000000
 0.000000000000000
 0.000000000000000
 0.000000000000000
 0.000000000000000
 0.000000000000000
 0.000000000000000
 0.000000000000000
 0.000000000000000
 0.000000000000000
 0.000000000000000
 0.000000000000000
 0.000000000000000
 0.000000000000000
 0.000000000000000
 0.000000000000000
 0.000000000000000
 0.000000000000000
 0.000000000000000
 0.000000000000000
 0.000000000000000
 0.000000000000000
 0.000000000000000
 0.000000000000000
 0.000000000000000
 0.000000000000000
 0.000000000000000
 0.000000000000000
 0.000000000000000
 0.000000000000000
 0.000000000000000
 0.000000000000000
 0.000000000000000
 0.000000000000000
 0.000000000000000
 0.000000000000000
 0.000000000000000
 0.000000000000000
 0.000000000000000
 0.000000000000000
 0.000000000000000
 0.000000000000000
 0.000000000000000
 0.000000000000000
 0.000000000000000
 0.000000000000000
 0.000000000000000
 0.000000000000000
 0.000000000000000
 0.000000000000000
 0.000000000000000
 0.000000000000000
 0.000000000000000
 0.000000000000000
 0.000000000000000
 0.000000000000000
 0.000000000000000
 0.000000000000000
 0.000000000000000
 0.000000000000000
 0.000000000000000
 0.000000000000000
 0.000000000000000
 0.000000000000000
 0.000000000000000
 0.000000000000000
 0.000000000000000
 0.000000000000000
 0.000000000000000
 0.000000000000000
 0.000000000000000
 0.000000000000000
 0.000000000000000
 0.000000000000000
 0.000000000000000
 0.000000000000000
 0.000000000000000
 0.000000000000000
 0.000000000000000
 0.000000000000000
 0.000000000000000
 0.000000000000000
 0.000000000000000
 0.000000000000000
 0.000000000000000
 0.000000000000000
 0.000000000000000
 0.000000000000000
 0.000000000000000
 0.000000000000000
 0.000000000000000
 0.000000000000000
 0.000000000000000
 0.000000000000000
 0.000000000000000
 0.000000000000000
 0.000000000000000
 0.000000000000000
 0.000000000000000
 0.000000000000000
 0.000000000000000
 0.000000000000000
 0.000000000000000
 0.000000000000000
 0.000000000000000
 0.000000000000000
 0.000000000000000
 0.000000000000000
 0.000000000000000
 0.000000000000000
 0.000000000000000
 0.000000000000000
 0.000000000000000
 0.000000000000000
 0.000000000000000
 0.000000000000000
 0.000000000000000
 0.000000000000000
 0.000000000000000
 0.000000000000000
 0.000000000000000
 0.000000000000000
 0.000000000000000
 0.000000000000000
 0.000000000000000
 0.000000000000000
 0.000000000000000
 0.000000000000000
 0.000000000000000
 0.000000000000000
 0.000000000000000
 0.000000000000000
 0.000000000000000
 0.000000000000000
 0.000000000000000
 0.000000000000000
 0.000000000000000
 0.000000000000000
 0.000000000000000
 0.000000000000000
 0.000000000000000
 0.000000000000000
 0.000000000000000
 0.000000000000000
 0.000000000000000
 0.000000000000000
 0.000000000000000
 0.000000000000000
 0.000000000000000
 0.000000000000000
 0.000000000000000
 0.000000000000000
 0.000000000000000
 0.000000000000000
 0.000000000000000
 0.000000000000000
 0.000000000000000
 0.000000000000000
 0.000000000000000
 0.000000000000000
 0.000000000000000
 0.000000000000000
 0.000000000000000
 0.000000000000000
 0.000000000000000
 0.000000000000000
 0.000000000000000
 0.000000000000000
 0.000000000000000
 0.000000000000000
 0.000000000000000
 0.000000000000000
 0.000000000000000
 0.000000000000000
 0.000000000000000
 0.000000000000000
 0.000000000000000
 0.000000000000000
 0.000000000000000
 0.000000000000000
 0.000000000000000
 0.000000000000000
 0.000000000000000
 0.000000000000000
 0.000000000000000
 0.000000000000000
 0.000000000000000
 0.000000000000000
 0.000000000000000
 0.000000000000000
 0.000000000000000
 0.000000000000000
 0.000000000000000
 0.000000000000000
 0.000000000000000
 0.000000000000000
 0.000000000000000
 0.000000000000000
 0.000000000000000
 0.000000000000000
 0.000000000000000
 0.000000000000000
 0.000000000000000
 0.000000000000000
 0.000000000000000
 0.000000000000000
 0.000000000000000
 0.000000000000000
 0.000000000000000
 0.000000000000000
 0.000000000000000
 0.000000000000000
 0.000000000000000
 0.000000000000000
 0.000000000000000
 0.000000000000000
 0.000000000000000
 0.000000000000000
 0.000000000000000
 0.000000000000000
 0.000000000000000
 0.000000000000000
 0.000000000000000
 0.000000000000000
 0.000000000000000
 0.000000000000000
 0.000000000000000
 0.000000000000000
 0.000000000000000
 0.000000000000000
 0.000000000000000
 0.000000000000000
 0.000000000000000
 0.000000000000000
 0.000000000000000
 0.000000000000000
 0.000000000000000
 0.000000000000000
 0.000000000000000
 0.000000000000000
 0.000000000000000
 0.000000000000000
 0.000000000000000
 0.000000000000000
 0.000000000000000
 0.000000000000000
 0.000000000000000
 0.000000000000000
 0.000000000000000
 0.000000000000000
 0.000000000000000
 0.000000000000000
 0.000000000000000
 0.000000000000000
 0.000000000000000
 0.000000000000000
 0.000000000000000
 0.000000000000000
 0.000000000000000
 0.000000000000000
 0.000000000000000
 0.000000000000000
 0.000000000000000
 0.000000000000000
 0.000000000000000
 0.000000000000000
 0.000000000000000
 0.000000000000000
 0.000000000000000
 0.000000000000000
 0.000000000000000
 0.000000000000000
 0.000000000000000
 0.000000000000000
 0.000000000000000
 0.000000000000000
 0.000000000000000
 0.000000000000000
 0.000000000000000
 0.000000000000000
 0.000000000000000
 0.000000000000000
 0.000000000000000
 0.000000000000000
 0.000000000000000
 0.000000000000000
 0.000000000000000
 0.000000000000000
 0.000000000000000
 0.000000000000000
 0.000000000000000
 0.000000000000000
 0.000000000000000
 0.000000000000000
 0.000000000000000
 0.000000000000000
 0.000000000000000
 0.000000000000000
 0.000000000000000
 0.021213203435596
 0.246368568825167
 0.000000000000000
