 0.025000000000
 0.002032075000
 0.025000000000
 0.025000000000
 0.025000000000
 0.025000000000
 0.007852300000
-0.024864175000
-0.025000000000
-0.025000000000
-0.003516425000
 0.025000000000
 0.025000000000
 0.025000000000
-0.002241525000
-0.011505500000
-0.025000000000
-0.025000000000
 0.013743200000
 0.025000000000
 0.025000000000
 0.025000000000
 0.006729800000
 0.001834950000
 0.016103350000
-0.025000000000
 0.001317475000
 0.025000000000
 0.025000000000
 0.023538125000
 0.011144575000
 0.008330175000
-0.025000000000
-0.025000000000
-0.025000000000
 0.003235700000
 0.015460150000
 0.013096725000
 0.009805925000
 0.009634675000
-0.025000000000
-0.025000000000
-0.025000000000
-0.024728500000
-0.003466475000
 0.003694325000
 0.006230650000
 0.008242150000
-0.025000000000
-0.025000000000
-0.025000000000
-0.025000000000
-0.012652625000
-0.002784125000
 0.002621050000
 0.006191625000
-0.025000000000
-0.025000000000
-0.025000000000
-0.025000000000
-0.017902875000
-0.008158025000
-0.000752350000
 0.004588850000
 0.001100125000
-0.025000000000
 0.005380150000
 0.025000000000
 0.025000000000
-0.025000000000
-0.025000000000
-0.025000000000
-0.025000000000
-0.025000000000
-0.025000000000
 0.025000000000
 0.025000000000
-0.013637450000
-0.025000000000
-0.025000000000
-0.025000000000
-0.025000000000
 0.025000000000
 0.025000000000
 0.025000000000
 0.025000000000
-0.015059325000
-0.022110525000
 0.025000000000
-0.025000000000
 0.025000000000
 0.025000000000
 0.025000000000
 0.025000000000
 0.005121425000
-0.002552525000
-0.025000000000
-0.025000000000
-0.025000000000
 0.025000000000
 0.025000000000
 0.017706425000
 0.008178825000
 0.004207775000
-0.025000000000
-0.025000000000
-0.025000000000
-0.025000000000
-0.000363325000
 0.005940300000
 0.006209850000
 0.005933300000
-0.025000000000
-0.025000000000
-0.025000000000
-0.025000000000
-0.011893975000
-0.000695600000
 0.003961925000
 0.006194375000
-0.025000000000
-0.025000000000
-0.025000000000
-0.025000000000
-0.015648725000
-0.004301475000
 0.002488600000
 0.006563250000
 0.025000000000
 0.025000000000
 0.025000000000
 0.025000000000
-0.025000000000
-0.025000000000
-0.025000000000
-0.025000000000
-0.025000000000
-0.025000000000
-0.025000000000
 0.025000000000
 0.025000000000
-0.025000000000
-0.025000000000
-0.025000000000
-0.025000000000
-0.025000000000
 0.025000000000
 0.025000000000
 0.025000000000
 0.017060825000
-0.025000000000
-0.025000000000
 0.025000000000
-0.025000000000
 0.025000000000
 0.025000000000
 0.025000000000
 0.025000000000
-0.001212650000
-0.013123975000
-0.025000000000
-0.025000000000
-0.025000000000
 0.025000000000
 0.025000000000
 0.020588625000
 0.006588250000
-0.001069475000
-0.025000000000
-0.025000000000
-0.025000000000
-0.022912450000
 0.004997200000
 0.009359200000
 0.007018300000
 0.004053200000
-0.025000000000
-0.025000000000
-0.025000000000
-0.025000000000
-0.006106775000
 0.003993625000
 0.006726550000
 0.006871850000
-0.025000000000
-0.025000000000
-0.025000000000
-0.025000000000
-0.007912275000
 0.002358150000
 0.007167250000
 0.009180350000
 0.025000000000
 0.025000000000
 0.025000000000
 0.025000000000
-0.025000000000
-0.025000000000
-0.025000000000
-0.025000000000
-0.025000000000
-0.025000000000
-0.025000000000
 0.025000000000
 0.025000000000
-0.025000000000
-0.025000000000
-0.025000000000
-0.025000000000
-0.025000000000
 0.025000000000
 0.025000000000
 0.025000000000
 0.010636700000
-0.025000000000
-0.025000000000
 0.025000000000
-0.025000000000
 0.025000000000
 0.025000000000
 0.025000000000
 0.025000000000
-0.003379150000
-0.021704300000
-0.025000000000
-0.025000000000
-0.025000000000
 0.025000000000
 0.025000000000
 0.021104125000
 0.005815850000
-0.006784475000
-0.025000000000
-0.025000000000
-0.025000000000
-0.009487675000
 0.012360275000
 0.014548475000
 0.009156200000
 0.002257500000
-0.025000000000
-0.025000000000
-0.025000000000
-0.015214175000
 0.005722450000
 0.012176950000
 0.011430100000
 0.008235850000
-0.025000000000
-0.025000000000
-0.025000000000
-0.008745350000
 0.005796925000
 0.012178275000
 0.013447325000
 0.012434400000
 0.025000000000
 0.025000000000
 0.025000000000
 0.025000000000
 0.025000000000
-0.006908550000
-0.025000000000
-0.025000000000
 0.001981600000
-0.025000000000
 0.025000000000
 0.025000000000
 0.025000000000
 0.025000000000
-0.025000000000
-0.025000000000
-0.025000000000
-0.025000000000
-0.008144225000
 0.025000000000
 0.025000000000
 0.025000000000
-0.005624175000
-0.025000000000
-0.022323350000
-0.025000000000
-0.004671325000
 0.025000000000
 0.025000000000
 0.025000000000
 0.001099025000
-0.025000000000
-0.025000000000
-0.025000000000
-0.015242600000
 0.022098775000
 0.025000000000
 0.025000000000
 0.007242750000
-0.014454950000
-0.025000000000
-0.025000000000
-0.023551125000
 0.010760300000
 0.025000000000
 0.024985050000
 0.014186900000
 0.000619250000
-0.025000000000
-0.025000000000
-0.014195750000
 0.012408175000
 0.025000000000
 0.025000000000
 0.019729900000
 0.010880725000
 0.006689475000
-0.000900825000
 0.007408650000
 0.019036075000
 0.025000000000
 0.025000000000
 0.022550750000
 0.016878100000
 0.025000000000
 0.025000000000
 0.025000000000
 0.025000000000
 0.025000000000
 0.025000000000
 0.025000000000
 0.025000000000
 0.025000000000
 0.025000000000
 0.025000000000
 0.025000000000
 0.025000000000
 0.025000000000
 0.025000000000
-0.005859400000
 0.015077225000
 0.005923625000
 0.025000000000
 0.025000000000
 0.025000000000
 0.025000000000
 0.025000000000
-0.025000000000
 0.001721775000
-0.005779675000
 0.015218575000
 0.025000000000
 0.025000000000
 0.025000000000
 0.007047125000
-0.025000000000
-0.013924275000
-0.013172375000
 0.006661800000
 0.025000000000
 0.025000000000
 0.025000000000
 0.011551825000
-0.024950975000
-0.020323875000
-0.013630375000
 0.008614125000
 0.025000000000
 0.025000000000
 0.025000000000
 0.025000000000
 0.000514200000
 0.007434075000
 0.007312000000
 0.022591175000
 0.025000000000
 0.025000000000
 0.025000000000
 0.025000000000
 0.016189650000
 0.025000000000
 0.025000000000
 0.025000000000
 0.025000000000
 0.025000000000
 0.025000000000
 0.025000000000
 0.023353600000
 0.025000000000
 0.025000000000
 0.025000000000
 0.025000000000
 0.025000000000
 0.025000000000
 0.025000000000
 0.025000000000
 0.025000000000
 0.025000000000
 0.025000000000
 0.025000000000
 0.025000000000
 0.025000000000
 0.025000000000
-0.025000000000
 0.025000000000
 0.025000000000
 0.025000000000
 0.025000000000
 0.025000000000
 0.025000000000
 0.025000000000
-0.025000000000
 0.008115850000
 0.007828525000
 0.022062875000
 0.025000000000
 0.025000000000
 0.025000000000
 0.007470325000
-0.025000000000
-0.004715925000
-0.005512025000
 0.010392850000
 0.025000000000
 0.025000000000
 0.025000000000
 0.019383175000
-0.025000000000
-0.004379400000
-0.008689575000
 0.014873025000
 0.025000000000
 0.025000000000
 0.025000000000
 0.025000000000
 0.005609775000
 0.025000000000
 0.013336700000
 0.025000000000
 0.025000000000
 0.025000000000
 0.025000000000
 0.025000000000
 0.025000000000
 0.025000000000
 0.025000000000
 0.025000000000
 0.025000000000
 0.025000000000
 0.025000000000
 0.025000000000
 0.025000000000
 0.025000000000
 0.025000000000
 0.025000000000
 0.025000000000
 0.025000000000
 0.025000000000
 0.025000000000
-0.025000000000
 0.025000000000
 0.025000000000
 0.025000000000
 0.025000000000
 0.025000000000
 0.025000000000
-0.025000000000
-0.025000000000
 0.014440000000
 0.018893350000
 0.025000000000
 0.025000000000
 0.025000000000
 0.025000000000
-0.025000000000
-0.025000000000
-0.000913400000
-0.002289525000
 0.007775100000
 0.025000000000
 0.025000000000
 0.025000000000
 0.002996350000
-0.025000000000
-0.015295775000
-0.025000000000
-0.024116050000
 0.025000000000
 0.025000000000
 0.025000000000
 0.025000000000
-0.013273625000
-0.019745275000
-0.025000000000
-0.025000000000
 0.025000000000
 0.025000000000
 0.025000000000
 0.025000000000
 0.018995500000
 0.014497850000
-0.025000000000
-0.025000000000
 0.025000000000
 0.025000000000
 0.025000000000
 0.025000000000
 0.025000000000
 0.025000000000
 0.025000000000
-0.025000000000
 0.025000000000
 0.025000000000
 0.025000000000
 0.025000000000
 0.025000000000
 0.025000000000
 0.025000000000
 0.025000000000
 0.025000000000
 0.025000000000
 0.025000000000
 0.025000000000
 0.025000000000
 0.025000000000
 0.025000000000
 0.025000000000
 0.025000000000
 0.025000000000
 0.025000000000
 0.025000000000
 0.025000000000
 0.025000000000
 0.025000000000
 0.025000000000
 0.025000000000
 0.025000000000
 0.025000000000
 0.025000000000
 0.025000000000
 0.025000000000
 0.025000000000
 0.025000000000
 0.025000000000
 0.025000000000
 0.025000000000
 0.025000000000
 0.025000000000
 0.025000000000
 0.025000000000
 0.025000000000
 0.025000000000
 0.025000000000
 0.025000000000
 0.025000000000
 0.025000000000
 0.025000000000
 0.025000000000
 0.025000000000
 0.025000000000
 0.025000000000
 0.025000000000
 0.025000000000
 0.025000000000
 0.025000000000
 0.025000000000
 0.025000000000
 0.025000000000
 0.025000000000
 0.025000000000
 0.025000000000
 0.025000000000
 0.025000000000
 0.025000000000
 0.025000000000
 0.025000000000
 0.025000000000
 0.025000000000
 0.025000000000
 0.025000000000
 0.025000000000
 0.025000000000
 0.025000000000
 0.025000000000
 0.025000000000
 0.025000000000
 0.025000000000
 0.025000000000
 0.025000000000
 0.025000000000
 0.025000000000
 0.025000000000
 0.025000000000
 0.025000000000
 0.025000000000
 0.025000000000
 0.025000000000
 0.025000000000
 0.025000000000
 0.025000000000
 0.025000000000
 0.025000000000
 0.025000000000
 0.025000000000
 0.025000000000
 0.025000000000
 0.025000000000
 0.025000000000
 0.025000000000
 0.025000000000
 0.025000000000
 0.025000000000
 0.025000000000
 0.025000000000
 0.025000000000
 0.025000000000
 0.025000000000
 0.025000000000
 0.025000000000
 0.025000000000
 0.025000000000
 0.025000000000
 0.025000000000
 0.025000000000
 0.025000000000
 0.025000000000
 0.025000000000
 0.025000000000
 0.025000000000
 0.025000000000
 0.025000000000
 0.025000000000
 0.025000000000
 0.025000000000
 0.025000000000
 0.025000000000
 0.025000000000
 0.025000000000
 0.025000000000
 0.025000000000
 0.025000000000
 0.025000000000
 0.025000000000
 0.025000000000
 0.025000000000
 0.025000000000
 0.025000000000
 0.025000000000
 0.025000000000
 0.025000000000
 0.025000000000
 0.025000000000
 0.025000000000
 0.025000000000
 0.025000000000
 0.025000000000
 0.025000000000
 0.025000000000
 0.025000000000
 0.025000000000
 0.025000000000
 0.025000000000
 0.025000000000
 0.025000000000
 0.025000000000
 0.025000000000
 0.025000000000
 0.025000000000
 0.025000000000
 0.025000000000
 0.025000000000
 0.025000000000
 0.025000000000
 0.025000000000
 0.025000000000
 0.025000000000
 0.025000000000
 0.025000000000
 0.025000000000
 0.025000000000
 0.025000000000
 0.025000000000
 0.025000000000
 0.025000000000
 0.025000000000
 0.025000000000
 0.025000000000
 0.025000000000
 0.025000000000
 0.025000000000
 0.025000000000
 0.025000000000
 0.025000000000
 0.025000000000
 0.025000000000
 0.025000000000
 0.025000000000
-0.025000000000
 0.025000000000
 0.025000000000
 0.025000000000
 0.025000000000
 0.025000000000
 0.025000000000
 0.025000000000
-0.025000000000
 0.025000000000
 0.025000000000
 0.025000000000
 0.025000000000
 0.025000000000
 0.025000000000
 0.025000000000
 0.025000000000
 0.025000000000
 0.025000000000
 0.025000000000
 0.025000000000
 0.025000000000
 0.025000000000
 0.025000000000
 0.025000000000
 0.025000000000
 0.025000000000
 0.025000000000
 0.025000000000
 0.025000000000
 0.025000000000
 0.025000000000
 0.025000000000
 0.025000000000
 0.025000000000
 0.025000000000
 0.025000000000
 0.025000000000
 0.025000000000
 0.025000000000
 0.025000000000
 0.025000000000
 0.025000000000
 0.025000000000
 0.025000000000
 0.025000000000
 0.025000000000
 0.025000000000
 0.025000000000
 0.025000000000
 0.025000000000
 0.025000000000
 0.025000000000
 0.025000000000
 0.025000000000
 0.025000000000
-0.025000000000
-0.025000000000
 0.025000000000
 0.025000000000
 0.025000000000
 0.025000000000
 0.025000000000
 0.025000000000
-0.025000000000
-0.025000000000
 0.025000000000
 0.025000000000
 0.025000000000
 0.025000000000
 0.025000000000
 0.025000000000
-0.025000000000
-0.025000000000
 0.025000000000
 0.025000000000
 0.025000000000
 0.025000000000
 0.025000000000
 0.025000000000
 0.025000000000
 0.025000000000
 0.025000000000
 0.025000000000
 0.025000000000
 0.025000000000
 0.025000000000
 0.025000000000
 0.025000000000
 0.025000000000
 0.025000000000
 0.025000000000
 0.025000000000
 0.025000000000
 0.025000000000
 0.025000000000
 0.025000000000
 0.025000000000
 0.025000000000
 0.025000000000
 0.025000000000
 0.025000000000
 0.025000000000
 0.025000000000
 0.025000000000
 0.025000000000
 0.025000000000
 0.025000000000
 0.025000000000
 0.025000000000
 0.025000000000
 0.025000000000
 0.025000000000
 0.025000000000
 0.025000000000
 0.025000000000
 0.025000000000
 0.025000000000
 0.025000000000
 0.025000000000
-0.021110175000
-0.025000000000
 0.025000000000
 0.025000000000
 0.025000000000
 0.025000000000
 0.025000000000
 0.025000000000
-0.025000000000
-0.025000000000
 0.025000000000
 0.025000000000
 0.025000000000
 0.025000000000
 0.025000000000
 0.025000000000
-0.024602225000
-0.025000000000
 0.025000000000
 0.025000000000
 0.025000000000
 0.025000000000
 0.025000000000
 0.025000000000
 0.025000000000
 0.025000000000
 0.025000000000
 0.025000000000
 0.025000000000
 0.025000000000
 0.025000000000
 0.025000000000
 0.025000000000
 0.025000000000
 0.025000000000
 0.025000000000
 0.025000000000
 0.025000000000
 0.025000000000
 0.025000000000
 0.025000000000
 0.025000000000
 0.025000000000
 0.025000000000
 0.025000000000
 0.025000000000
 0.025000000000
 0.025000000000
 0.025000000000
 0.025000000000
 0.025000000000
 0.025000000000
 0.025000000000
 0.025000000000
 0.025000000000
 0.025000000000
 0.025000000000
 0.025000000000
 0.025000000000
 0.025000000000
 0.025000000000
 0.025000000000
 0.025000000000
 0.025000000000
 0.025000000000
 0.025000000000
 0.025000000000
 0.025000000000
 0.025000000000
 0.025000000000
 0.025000000000
 0.025000000000
 0.025000000000
 0.025000000000
 0.025000000000
 0.025000000000
 0.025000000000
 0.025000000000
 0.025000000000
 0.025000000000
 0.025000000000
 0.025000000000
 0.025000000000
 0.025000000000
 0.025000000000
 0.025000000000
 0.025000000000
 0.025000000000
 0.025000000000
 0.025000000000
 0.025000000000
 0.025000000000
 0.025000000000
 0.025000000000
 0.025000000000
 0.025000000000
 0.025000000000
 0.025000000000
 0.025000000000
 0.025000000000
 0.025000000000
 0.025000000000
 0.025000000000
 0.025000000000
 0.025000000000
 0.025000000000
 0.025000000000
 0.025000000000
 0.025000000000
 0.025000000000
 0.025000000000
 0.025000000000
 0.025000000000
 0.025000000000
 0.025000000000
 0.025000000000
 0.025000000000
 0.025000000000
 0.025000000000
 0.025000000000
 0.025000000000
 0.025000000000
 0.025000000000
 0.025000000000
 0.025000000000
 0.025000000000
 0.025000000000
 0.025000000000
 0.025000000000
 0.025000000000
 0.025000000000
 0.025000000000
 0.025000000000
 0.025000000000
 0.025000000000
 0.025000000000
 0.025000000000
 0.025000000000
 0.025000000000
 0.025000000000
 0.025000000000
 0.025000000000
 0.025000000000
 0.025000000000
 0.025000000000
 0.025000000000
 0.025000000000
 0.025000000000
 0.025000000000
 0.025000000000
 0.025000000000
 0.025000000000
 0.025000000000
 0.025000000000
 0.025000000000
 0.025000000000
 0.025000000000
 0.025000000000
 0.025000000000
 0.025000000000
 0.025000000000
 0.025000000000
 0.025000000000
 0.025000000000
 0.025000000000
 0.025000000000
 0.025000000000
 0.025000000000
 0.025000000000
 0.025000000000
 0.025000000000
 0.025000000000
 0.025000000000
 0.025000000000
 0.025000000000
 0.025000000000
 0.025000000000
 0.025000000000
 0.025000000000
 0.025000000000
 0.025000000000
 0.025000000000
 0.025000000000
 0.025000000000
 0.025000000000
 0.025000000000
 0.025000000000
 0.025000000000
 0.025000000000
 0.025000000000
 0.025000000000
 0.025000000000
 0.025000000000
 0.025000000000
 0.025000000000
 0.025000000000
 0.025000000000
 0.025000000000
 0.025000000000
 0.025000000000
 0.025000000000
 0.025000000000
 0.025000000000
 0.025000000000
 0.025000000000
 0.025000000000
 0.025000000000
 0.025000000000
 0.025000000000
 0.025000000000
 0.025000000000
 0.025000000000
 0.025000000000
 0.025000000000
 0.025000000000
 0.025000000000
 0.025000000000
 0.025000000000
 0.025000000000
 0.025000000000
 0.025000000000
 0.025000000000
 0.025000000000
 0.025000000000
 0.025000000000
 0.025000000000
 0.025000000000
 0.025000000000
 0.025000000000
 0.025000000000
 0.025000000000
 0.025000000000
 0.025000000000
 0.025000000000
 0.025000000000
 0.025000000000
 0.025000000000
 0.025000000000
 0.025000000000
 0.025000000000
 0.025000000000
 0.025000000000
 0.025000000000
 0.025000000000
 0.025000000000
 0.025000000000
 0.025000000000
 0.025000000000
 0.025000000000
 0.025000000000
 0.025000000000
 0.025000000000
 0.025000000000
 0.025000000000
 0.025000000000
 0.025000000000
 0.025000000000
 0.025000000000
 0.025000000000
 0.025000000000
 0.025000000000
 0.025000000000
 0.025000000000
-0.025000000000
 0.025000000000
 0.025000000000
 0.025000000000
 0.025000000000
 0.025000000000
 0.025000000000
 0.025000000000
 0.025000000000
 0.014751850000
 0.025000000000
 0.025000000000
 0.025000000000
 0.025000000000
 0.025000000000
 0.025000000000
 0.025000000000
 0.025000000000
 0.025000000000
 0.025000000000
 0.025000000000
 0.025000000000
 0.025000000000
 0.025000000000
 0.025000000000
 0.025000000000
 0.025000000000
 0.025000000000
 0.025000000000
 0.025000000000
 0.025000000000
 0.025000000000
 0.025000000000
 0.025000000000
 0.025000000000
 0.025000000000
 0.025000000000
 0.025000000000
 0.025000000000
 0.025000000000
 0.025000000000
 0.025000000000
 0.025000000000
 0.025000000000
 0.025000000000
 0.025000000000
 0.025000000000
 0.025000000000
 0.025000000000
 0.025000000000
 0.025000000000
 0.025000000000
 0.025000000000
 0.025000000000
 0.025000000000
 0.025000000000
 0.025000000000
 0.025000000000
 0.025000000000
 0.025000000000
 0.025000000000
 0.025000000000
 0.025000000000
 0.025000000000
-0.025000000000
-0.025000000000
 0.025000000000
 0.025000000000
 0.025000000000
 0.025000000000
 0.025000000000
 0.025000000000
 0.011243900000
-0.025000000000
-0.025000000000
 0.025000000000
 0.025000000000
 0.025000000000
 0.025000000000
 0.025000000000
 0.025000000000
 0.025000000000
 0.025000000000
 0.025000000000
 0.025000000000
 0.025000000000
 0.025000000000
 0.025000000000
 0.025000000000
 0.025000000000
 0.025000000000
 0.025000000000
 0.025000000000
 0.025000000000
 0.025000000000
 0.025000000000
 0.025000000000
 0.025000000000
 0.025000000000
 0.025000000000
 0.025000000000
 0.025000000000
 0.025000000000
 0.025000000000
 0.025000000000
 0.025000000000
 0.025000000000
 0.025000000000
 0.025000000000
 0.025000000000
 0.025000000000
 0.025000000000
 0.025000000000
 0.002495750000
 0.025000000000
 0.025000000000
 0.025000000000
 0.025000000000
 0.025000000000
 0.025000000000
 0.025000000000
-0.025000000000
-0.011000975000
 0.025000000000
 0.025000000000
 0.025000000000
 0.025000000000
 0.025000000000
-0.025000000000
-0.025000000000
-0.025000000000
 0.025000000000
 0.025000000000
 0.025000000000
 0.025000000000
 0.025000000000
-0.025000000000
-0.025000000000
-0.025000000000
 0.025000000000
 0.025000000000
 0.025000000000
 0.025000000000
 0.025000000000
 0.025000000000
 0.025000000000
 0.025000000000
 0.025000000000
 0.025000000000
 0.025000000000
 0.025000000000
 0.025000000000
 0.025000000000
 0.025000000000
 0.025000000000
 0.025000000000
 0.025000000000
 0.025000000000
 0.025000000000
 0.025000000000
 0.025000000000
 0.025000000000
 0.025000000000
 0.025000000000
 0.025000000000
 0.025000000000
 0.025000000000
 0.025000000000
 0.025000000000
 0.025000000000
 0.025000000000
 0.025000000000
 0.025000000000
 0.025000000000
 0.025000000000
 0.025000000000
 0.025000000000
-0.025000000000
-0.025000000000
 0.024513950000
 0.025000000000
 0.025000000000
 0.025000000000
 0.025000000000
 0.007888775000
-0.025000000000
-0.025000000000
-0.025000000000
 0.025000000000
 0.025000000000
 0.025000000000
 0.025000000000
-0.025000000000
-0.025000000000
-0.025000000000
-0.025000000000
 0.025000000000
 0.025000000000
 0.025000000000
 0.025000000000
-0.025000000000
-0.025000000000
-0.025000000000
 0.025000000000
 0.025000000000
 0.025000000000
 0.025000000000
 0.025000000000
 0.025000000000
 0.025000000000
 0.025000000000
 0.025000000000
 0.025000000000
 0.025000000000
 0.025000000000
 0.025000000000
 0.025000000000
 0.025000000000
 0.025000000000
 0.025000000000
 0.025000000000
 0.025000000000
 0.025000000000
 0.025000000000
 0.025000000000
 0.025000000000
 0.025000000000
 0.025000000000
 0.025000000000
 0.025000000000
 0.025000000000
 0.025000000000
 0.025000000000
 0.025000000000
 0.025000000000
 0.025000000000
 0.025000000000
 0.025000000000
 0.025000000000
 0.025000000000
 0.025000000000
 0.025000000000
 0.025000000000
 0.025000000000
 0.025000000000
 0.025000000000
 0.025000000000
 0.025000000000
-0.025000000000
-0.025000000000
-0.025000000000
-0.025000000000
 0.025000000000
 0.025000000000
 0.025000000000
 0.025000000000
-0.025000000000
-0.025000000000
-0.025000000000
-0.025000000000
 0.025000000000
 0.025000000000
 0.025000000000
 0.025000000000
 0.025000000000
-0.025000000000
-0.025000000000
 0.025000000000
 0.025000000000
 0.025000000000
 0.025000000000
 0.025000000000
 0.025000000000
 0.025000000000
 0.025000000000
 0.025000000000
 0.025000000000
 0.025000000000
 0.025000000000
 0.025000000000
 0.025000000000
 0.025000000000
 0.025000000000
 0.025000000000
 0.025000000000
 0.025000000000
 0.025000000000
 0.025000000000
 0.025000000000
 0.025000000000
 0.025000000000
 0.025000000000
 0.025000000000
 0.025000000000
 0.025000000000
 0.025000000000
 0.025000000000
 0.025000000000
 0.025000000000
 0.025000000000
 0.025000000000
 0.025000000000
 0.025000000000
 0.025000000000
 0.025000000000
 0.025000000000
 0.025000000000
 0.025000000000
 0.025000000000
 0.025000000000
 0.025000000000
 0.025000000000
 0.025000000000
 0.022972450000
-0.025000000000
 0.025000000000
 0.025000000000
 0.025000000000
 0.025000000000
 0.025000000000
 0.025000000000
 0.025000000000
-0.025000000000
-0.025000000000
 0.025000000000
 0.025000000000
 0.025000000000
 0.025000000000
 0.025000000000
 0.025000000000
-0.025000000000
-0.025000000000
 0.025000000000
 0.025000000000
 0.025000000000
 0.025000000000
 0.025000000000
 0.025000000000
 0.025000000000
 0.025000000000
 0.025000000000
 0.025000000000
 0.025000000000
 0.025000000000
 0.025000000000
 0.025000000000
 0.025000000000
 0.025000000000
 0.025000000000
 0.025000000000
 0.025000000000
 0.025000000000
 0.025000000000
 0.025000000000
 0.025000000000
 0.025000000000
 0.025000000000
 0.025000000000
 0.025000000000
 0.025000000000
 0.025000000000
 0.025000000000
 0.025000000000
 0.025000000000
 0.025000000000
 0.025000000000
 0.025000000000
 0.025000000000
 0.025000000000
 0.025000000000
 0.025000000000
 0.025000000000
 0.025000000000
 0.025000000000
 0.025000000000
 0.025000000000
 0.025000000000
 0.025000000000
 0.025000000000
 0.025000000000
 0.025000000000
 0.025000000000
 0.025000000000
 0.025000000000
 0.025000000000
 0.025000000000
 0.025000000000
-0.025000000000
 0.025000000000
 0.025000000000
 0.025000000000
 0.025000000000
 0.025000000000
 0.025000000000
 0.025000000000
-0.025000000000
 0.025000000000
 0.025000000000
 0.025000000000
 0.025000000000
 0.025000000000
 0.025000000000
 0.025000000000
 0.025000000000
 0.025000000000
 0.025000000000
 0.025000000000
 0.025000000000
 0.025000000000
 0.025000000000
 0.025000000000
 0.025000000000
 0.025000000000
 0.025000000000
 0.025000000000
 0.025000000000
 0.025000000000
 0.025000000000
 0.025000000000
 0.025000000000
 0.025000000000
 0.025000000000
 0.025000000000
 0.025000000000
 0.025000000000
 0.025000000000
 0.025000000000
 0.025000000000
 0.025000000000
 0.025000000000
 0.025000000000
 0.025000000000
 0.025000000000
 0.025000000000
 0.025000000000
 0.025000000000
 0.025000000000
 0.025000000000
 0.025000000000
 0.025000000000
 0.025000000000
 0.025000000000
 0.025000000000
 0.025000000000
 0.025000000000
 0.025000000000
 0.025000000000
 0.025000000000
 0.025000000000
 0.025000000000
 0.025000000000
 0.025000000000
 0.025000000000
 0.025000000000
 0.025000000000
 0.025000000000
 0.025000000000
 0.025000000000
 0.025000000000
 0.025000000000
 0.000000000000
 0.000000000000
 0.000000000000
 0.000000000000
 0.000000000000
 0.000000000000
 0.000000000000
 0.000000000000
 0.000000000000
 0.000000000000
 0.000000000000
 0.000000000000
 0.000000000000
 0.000000000000
 0.000000000000
 0.000000000000
 0.000000000000
 0.000000000000
 0.000000000000
 0.000000000000
 0.000000000000
 0.000000000000
 0.000000000000
 0.000000000000
 0.000000000000
 0.000000000000
 0.000000000000
 0.000000000000
 0.000000000000
 0.000000000000
 0.000000000000
 0.000000000000
 0.000000000000
 0.000000000000
 0.000000000000
 0.000000000000
 0.000000000000
 0.000000000000
 0.000000000000
 0.000000000000
 0.000000000000
 0.000000000000
 0.000000000000
 0.000000000000
 0.000000000000
 0.000000000000
 0.000000000000
 0.000000000000
 0.000000000000
 0.000000000000
 0.000000000000
 0.000000000000
 0.000000000000
 0.000000000000
 0.000000000000
 0.000000000000
 0.000000000000
 0.000000000000
 0.000000000000
 0.000000000000
 0.000000000000
 0.000000000000
 0.000000000000
 0.000000000000
 0.000000000000
 0.000000000000
 0.000000000000
 0.000000000000
 0.000000000000
 0.000000000000
 0.000000000000
 0.000000000000
 0.000000000000
 0.000000000000
 0.000000000000
 0.000000000000
 0.000000000000
 0.000000000000
 0.000000000000
 0.000000000000
 0.000000000000
 0.000000000000
 0.000000000000
 0.000000000000
 0.000000000000
 0.000000000000
 0.000000000000
 0.000000000000
 0.000000000000
 0.000000000000
 0.000000000000
 0.000000000000
 0.000000000000
 0.000000000000
 0.000000000000
 0.000000000000
 0.000000000000
 0.000000000000
 0.000000000000
 0.000000000000
 0.000000000000
 0.000000000000
 0.000000000000
 0.000000000000
 0.000000000000
 0.000000000000
 0.000000000000
 0.000000000000
 0.000000000000
 0.000000000000
 0.000000000000
 0.000000000000
 0.000000000000
 0.000000000000
 0.000000000000
 0.000000000000
 0.000000000000
 0.000000000000
 0.000000000000
 0.000000000000
 0.000000000000
 0.000000000000
 0.000000000000
 0.000000000000
 0.000000000000
 0.000000000000
 0.000000000000
 0.000000000000
 0.000000000000
 0.000000000000
 0.000000000000
 0.000000000000
 0.000000000000
 0.000000000000
 0.000000000000
 0.000000000000
 0.000000000000
 0.000000000000
 0.000000000000
 0.000000000000
 0.000000000000
 0.000000000000
 0.000000000000
 0.000000000000
 0.000000000000
 0.000000000000
 0.000000000000
 0.000000000000
 0.000000000000
 0.000000000000
 0.000000000000
 0.000000000000
 0.000000000000
 0.000000000000
 0.000000000000
 0.000000000000
 0.000000000000
 0.000000000000
 0.000000000000
 0.000000000000
 0.000000000000
 0.000000000000
 0.000000000000
 0.000000000000
 0.000000000000
 0.000000000000
 0.000000000000
 0.000000000000
 0.000000000000
 0.000000000000
 0.000000000000
 0.000000000000
 0.000000000000
 0.000000000000
 0.000000000000
 0.000000000000
 0.000000000000
 0.000000000000
 0.000000000000
 0.000000000000
 0.000000000000
 0.000000000000
 0.000000000000
 0.000000000000
 0.000000000000
 0.000000000000
 0.000000000000
 0.000000000000
 0.000000000000
 0.000000000000
 0.000000000000
 0.000000000000
 0.000000000000
 0.000000000000
 0.000000000000
 0.000000000000
 0.000000000000
 0.000000000000
 0.000000000000
 0.000000000000
 0.000000000000
 0.000000000000
 0.000000000000
 0.000000000000
 0.000000000000
 0.000000000000
 0.000000000000
 0.000000000000
 0.000000000000
 0.000000000000
 0.000000000000
 0.000000000000
 0.000000000000
 0.000000000000
 0.000000000000
 0.000000000000
 0.000000000000
 0.000000000000
 0.000000000000
 0.000000000000
 0.000000000000
 0.000000000000
 0.000000000000
 0.000000000000
 0.000000000000
 0.000000000000
 0.000000000000
 0.000000000000
 0.000000000000
 0.000000000000
 0.000000000000
 0.000000000000
 0.000000000000
 0.000000000000
 0.000000000000
 0.000000000000
 0.000000000000
 0.000000000000
 0.000000000000
 0.000000000000
 0.000000000000
 0.000000000000
 0.000000000000
 0.000000000000
 0.000000000000
 0.000000000000
 0.000000000000
 0.000000000000
 0.000000000000
 0.000000000000
 0.000000000000
 0.000000000000
 0.000000000000
 0.000000000000
 0.000000000000
 0.000000000000
 0.000000000000
 0.000000000000
 0.000000000000
 0.000000000000
 0.000000000000
 0.000000000000
 0.000000000000
 0.000000000000
 0.000000000000
 0.000000000000
 0.000000000000
 0.000000000000
 0.000000000000
 0.000000000000
 0.000000000000
 0.000000000000
 0.000000000000
 0.000000000000
 0.000000000000
 0.000000000000
 0.000000000000
 0.000000000000
 0.000000000000
 0.000000000000
 0.000000000000
 0.000000000000
 0.000000000000
 0.000000000000
 0.000000000000
 0.000000000000
 0.000000000000
 0.000000000000
 0.000000000000
 0.000000000000
 0.000000000000
 0.000000000000
 0.000000000000
 0.000000000000
 0.000000000000
 0.000000000000
 0.000000000000
 0.000000000000
 0.000000000000
 0.000000000000
 0.000000000000
 0.000000000000
 0.000000000000
 0.000000000000
 0.000000000000
 0.000000000000
 0.000000000000
 0.000000000000
 0.000000000000
 0.000000000000
 0.000000000000
 0.000000000000
 0.000000000000
 0.000000000000
 0.000000000000
 0.000000000000
 0.000000000000
 0.000000000000
 0.000000000000
 0.000000000000
 0.000000000000
 0.000000000000
 0.000000000000
 0.000000000000
 0.000000000000
 0.000000000000
 0.000000000000
 0.000000000000
 0.000000000000
 0.000000000000
 0.000000000000
 0.000000000000
 0.000000000000
 0.000000000000
 0.000000000000
 0.000000000000
 0.000000000000
 0.000000000000
 0.000000000000
 0.000000000000
 0.000000000000
 0.000000000000
 0.000000000000
 0.000000000000
 0.000000000000
 0.000000000000
 0.000000000000
 0.000000000000
 0.000000000000
 0.000000000000
 0.000000000000
 0.000000000000
 0.000000000000
 0.000000000000
 0.000000000000
 0.000000000000
 0.000000000000
 0.000000000000
 0.000000000000
 0.000000000000
 0.000000000000
 0.000000000000
 0.000000000000
 0.000000000000
 0.000000000000
 0.000000000000
 0.000000000000
 0.000000000000
 0.000000000000
 0.000000000000
 0.000000000000
 0.000000000000
 0.000000000000
 0.000000000000
 0.000000000000
 0.000000000000
 0.000000000000
 0.000000000000
 0.000000000000
 0.000000000000
 0.000000000000
 0.000000000000
 0.000000000000
 0.000000000000
 0.000000000000
 0.000000000000
 0.000000000000
 0.000000000000
 0.000000000000
 0.000000000000
 0.000000000000
 0.000000000000
 0.000000000000
 0.000000000000
 0.000000000000
 0.000000000000
 0.000000000000
 0.000000000000
 0.000000000000
 0.000000000000
 0.000000000000
 0.000000000000
 0.000000000000
 0.000000000000
 0.000000000000
 0.000000000000
 0.000000000000
 0.000000000000
 0.000000000000
 0.000000000000
 0.000000000000
 0.000000000000
 0.000000000000
 0.000000000000
 0.000000000000
 0.000000000000
 0.000000000000
 0.000000000000
 0.000000000000
 0.000000000000
 0.000000000000
 0.000000000000
 0.000000000000
 0.000000000000
 0.000000000000
 0.000000000000
 0.000000000000
 0.000000000000
 0.000000000000
 0.000000000000
 0.000000000000
 0.000000000000
 0.000000000000
 0.000000000000
 0.000000000000
 0.000000000000
 0.000000000000
 0.000000000000
 0.000000000000
 0.000000000000
 0.000000000000
 0.000000000000
 0.000000000000
 0.000000000000
 0.000000000000
 0.000000000000
 0.000000000000
 0.000000000000
 0.000000000000
 0.000000000000
 0.000000000000
 0.000000000000
 0.000000000000
 0.000000000000
 0.000000000000
 0.000000000000
 0.000000000000
 0.000000000000
 0.000000000000
 0.000000000000
 0.000000000000
 0.000000000000
 0.000000000000
 0.000000000000
 0.000000000000
 0.000000000000
 0.000000000000
 0.000000000000
 0.000000000000
 0.000000000000
 0.000000000000
 0.000000000000
 0.000000000000
 0.000000000000
 0.000000000000
 0.000000000000
 0.000000000000
 0.000000000000
 0.000000000000
 0.000000000000
 0.000000000000
 0.000000000000
 0.000000000000
 0.000000000000
 0.000000000000
 0.000000000000
 0.000000000000
 0.000000000000
 0.000000000000
 0.000000000000
 0.000000000000
 0.000000000000
 0.000000000000
 0.000000000000
 0.000000000000
 0.000000000000
 0.000000000000
 0.000000000000
 0.000000000000
 0.000000000000
 0.000000000000
 0.000000000000
 0.000000000000
 0.000000000000
 0.000000000000
 0.000000000000
 0.000000000000
 0.000000000000
 0.000000000000
 0.030000000000
 0.348417771375
 0.000000000000
