  -1.800   -1.800   -1.800       0.000000
  -1.800   -1.800   -1.200       0.000000
  -1.800   -1.800   -0.600       0.000000
  -1.800   -1.800   -0.000       0.000000
  -1.800   -1.800    0.600       0.000000
  -1.800   -1.800    1.200       0.000000
  -1.800   -1.800    1.800       0.000000
  -1.800   -1.800    2.400       0.000000
  -1.800   -1.200   -1.800       0.000000
  -1.800   -1.200   -1.200       0.000000
  -1.800   -1.200   -0.600       0.000000
  -1.800   -1.200   -0.000       0.000000
  -1.800   -1.200    0.600       0.000000
  -1.800   -1.200    1.200       0.000000
  -1.800   -1.200    1.800       0.000000
  -1.800   -1.200    2.400       0.000000
  -1.800   -0.600   -1.800       0.000000
  -1.800   -0.600   -1.200       0.000000
  -1.800   -0.600   -0.600       0.000000
  -1.800   -0.600   -0.000       0.000000
  -1.800   -0.600    0.600       0.000000
  -1.800   -0.600    1.200       0.000000
  -1.800   -0.600    1.800       0.000000
  -1.800   -0.600    2.400       0.000000
  -1.800   -0.000   -1.800       0.000000
  -1.800   -0.000   -1.200       0.000000
  -1.800   -0.000   -0.600       0.000000
  -1.800   -0.000   -0.000       0.000000
  -1.800   -0.000    0.600       0.000000
  -1.800   -0.000    1.200       0.000000
  -1.800   -0.000    1.800       0.000000
  -1.800   -0.000    2.400       0.000000
  -1.800    0.600   -1.800       0.000000
  -1.800    0.600   -1.200       0.000000
  -1.800    0.600   -0.600       0.000000
  -1.800    0.600   -0.000       0.000000
  -1.800    0.600    0.600       0.000000
  -1.800    0.600    1.200       0.000000
  -1.800    0.600    1.800       0.000000
  -1.800    0.600    2.400       0.000000
  -1.800    1.200   -1.800       0.000000
  -1.800    1.200   -1.200       0.000000
  -1.800    1.200   -0.600       0.000000
  -1.800    1.200   -0.000       0.000000
  -1.800    1.200    0.600       0.000000
  -1.800    1.200    1.200       0.000000
  -1.800    1.200    1.800       0.000000
  -1.800    1.200    2.400       0.000000
  -1.800    1.800   -1.800       0.000000
  -1.800    1.800   -1.200       0.000000
  -1.800    1.800   -0.600       0.000000
  -1.800    1.800   -0.000       0.000000
  -1.800    1.800    0.600       0.000000
  -1.800    1.800    1.200       0.000000
  -1.800    1.800    1.800       0.000000
  -1.800    1.800    2.400       0.000000
  -1.800    2.400   -1.800       0.000000
  -1.800    2.400   -1.200       0.000000
  -1.800    2.400   -0.600       0.000000
  -1.800    2.400   -0.000       0.000000
  -1.800    2.400    0.600       0.000000
  -1.800    2.400    1.200       0.000000
  -1.800    2.400    1.800       0.000000
  -1.800    2.400    2.400       0.000000
  -1.200   -1.800   -1.800       0.000000
  -1.200   -1.800   -1.200       0.000000
  -1.200   -1.800   -0.600       0.000000
  -1.200   -1.800   -0.000       0.000000
  -1.200   -1.800    0.600       0.000000
  -1.200   -1.800    1.200       0.000000
  -1.200   -1.800    1.800       0.000000
  -1.200   -1.800    2.400       0.000000
  -1.200   -1.200   -1.800       0.000000
  -1.200   -1.200   -1.200       0.000000
  -1.200   -1.200   -0.600       0.000000
  -1.200   -1.200   -0.000       0.000000
  -1.200   -1.200    0.600       0.000000
  -1.200   -1.200    1.200       0.000000
  -1.200   -1.200    1.800       0.000000
  -1.200   -1.200    2.400       0.000000
  -1.200   -0.600   -1.800       0.000000
  -1.200   -0.600   -1.200       0.000000
  -1.200   -0.600   -0.600       0.000000
  -1.200   -0.600   -0.000       0.000000
  -1.200   -0.600    0.600       0.000000
  -1.200   -0.600    1.200       0.000000
  -1.200   -0.600    1.800       0.000000
  -1.200   -0.600    2.400       0.000000
  -1.200   -0.000   -1.800       0.000000
  -1.200   -0.000   -1.200       0.000000
  -1.200   -0.000   -0.600       0.000000
  -1.200   -0.000   -0.000       0.000000
  -1.200   -0.000    0.600       0.000000
  -1.200   -0.000    1.200       0.000000
  -1.200   -0.000    1.800       0.000000
  -1.200   -0.000    2.400       0.000000
  -1.200    0.600   -1.800       0.000000
  -1.200    0.600   -1.200       0.000000
  -1.200    0.600   -0.600       0.000000
  -1.200    0.600   -0.000       0.000000
  -1.200    0.600    0.600       0.000000
  -1.200    0.600    1.200       0.000000
  -1.200    0.600    1.800       0.000000
  -1.200    0.600    2.400       0.000000
  -1.200    1.200   -1.800       0.000000
  -1.200    1.200   -1.200       0.000000
  -1.200    1.200   -0.600       0.000000
  -1.200    1.200   -0.000       0.000000
  -1.200    1.200    0.600       0.000000
  -1.200    1.200    1.200       0.000000
  -1.200    1.200    1.800       0.000000
  -1.200    1.200    2.400       0.000000
  -1.200    1.800   -1.800       0.000000
  -1.200    1.800   -1.200       0.000000
  -1.200    1.800   -0.600       0.000000
  -1.200    1.800   -0.000       0.000000
  -1.200    1.800    0.600       0.000000
  -1.200    1.800    1.200       0.000000
  -1.200    1.800    1.800       0.000000
  -1.200    1.800    2.400       0.000000
  -1.200    2.400   -1.800       0.000000
  -1.200    2.400   -1.200       0.000000
  -1.200    2.400   -0.600       0.000000
  -1.200    2.400   -0.000       0.000000
  -1.200    2.400    0.600       0.000000
  -1.200    2.400    1.200       0.000000
  -1.200    2.400    1.800       0.000000
  -1.200    2.400    2.400       0.000000
  -0.600   -1.800   -1.800       0.000000
  -0.600   -1.800   -1.200       0.000000
  -0.600   -1.800   -0.600       0.000000
  -0.600   -1.800   -0.000       0.000000
  -0.600   -1.800    0.600       0.000000
  -0.600   -1.800    1.200       0.000000
  -0.600   -1.800    1.800       0.000000
  -0.600   -1.800    2.400       0.000000
  -0.600   -1.200   -1.800       0.000000
  -0.600   -1.200   -1.200       0.000000
  -0.600   -1.200   -0.600       0.000000
  -0.600   -1.200   -0.000       0.000000
  -0.600   -1.200    0.600       0.000000
  -0.600   -1.200    1.200       0.000000
  -0.600   -1.200    1.800       0.000000
  -0.600   -1.200    2.400       0.000000
  -0.600   -0.600   -1.800       0.000000
  -0.600   -0.600   -1.200       0.000000
  -0.600   -0.600   -0.600       0.000000
  -0.600   -0.600   -0.000       0.000000
  -0.600   -0.600    0.600       0.000000
  -0.600   -0.600    1.200       0.000000
  -0.600   -0.600    1.800       0.000000
  -0.600   -0.600    2.400       0.000000
  -0.600   -0.000   -1.800       0.000000
  -0.600   -0.000   -1.200       0.000000
  -0.600   -0.000   -0.600       0.000000
  -0.600   -0.000   -0.000       0.000000
  -0.600   -0.000    0.600       0.000000
  -0.600   -0.000    1.200       0.000000
  -0.600   -0.000    1.800       0.000000
  -0.600   -0.000    2.400       0.000000
  -0.600    0.600   -1.800       0.000000
  -0.600    0.600   -1.200       0.000000
  -0.600    0.600   -0.600       0.000000
  -0.600    0.600   -0.000       0.000000
  -0.600    0.600    0.600       0.000000
  -0.600    0.600    1.200       0.000000
  -0.600    0.600    1.800       0.000000
  -0.600    0.600    2.400       0.000000
  -0.600    1.200   -1.800       0.000000
  -0.600    1.200   -1.200       0.000000
  -0.600    1.200   -0.600       0.000000
  -0.600    1.200   -0.000       0.000000
  -0.600    1.200    0.600       0.000000
  -0.600    1.200    1.200       0.000000
  -0.600    1.200    1.800       0.000000
  -0.600    1.200    2.400       0.000000
  -0.600    1.800   -1.800       0.000000
  -0.600    1.800   -1.200       0.000000
  -0.600    1.800   -0.600       0.000000
  -0.600    1.800   -0.000       0.000000
  -0.600    1.800    0.600       0.000000
  -0.600    1.800    1.200       0.000000
  -0.600    1.800    1.800       0.000000
  -0.600    1.800    2.400       0.000000
  -0.600    2.400   -1.800       0.000000
  -0.600    2.400   -1.200       0.000000
  -0.600    2.400   -0.600       0.000000
  -0.600    2.400   -0.000       0.000000
  -0.600    2.400    0.600       0.000000
  -0.600    2.400    1.200       0.000000
  -0.600    2.400    1.800       0.000000
  -0.600    2.400    2.400       0.000000
  -0.000   -1.800   -1.800       0.000000
  -0.000   -1.800   -1.200       0.000000
  -0.000   -1.800   -0.600       0.000000
  -0.000   -1.800   -0.000       0.000000
  -0.000   -1.800    0.600       0.000000
  -0.000   -1.800    1.200       0.000000
  -0.000   -1.800    1.800       0.000000
  -0.000   -1.800    2.400       0.000000
  -0.000   -1.200   -1.800       0.000000
  -0.000   -1.200   -1.200       0.000000
  -0.000   -1.200   -0.600       0.000000
  -0.000   -1.200   -0.000       0.000000
  -0.000   -1.200    0.600       0.000000
  -0.000   -1.200    1.200       0.000000
  -0.000   -1.200    1.800       0.000000
  -0.000   -1.200    2.400       0.000000
  -0.000   -0.600   -1.800       0.000000
  -0.000   -0.600   -1.200       0.000000
  -0.000   -0.600   -0.600       0.000000
  -0.000   -0.600   -0.000       0.000000
  -0.000   -0.600    0.600       0.000000
  -0.000   -0.600    1.200       0.000000
  -0.000   -0.600    1.800       0.000000
  -0.000   -0.600    2.400       0.000000
  -0.000   -0.000   -1.800       0.000000
  -0.000   -0.000   -1.200       0.000000
  -0.000   -0.000   -0.600       0.000000
  -0.000   -0.000   -0.000       0.000000
  -0.000   -0.000    0.600       0.000000
  -0.000   -0.000    1.200       0.000000
  -0.000   -0.000    1.800       0.000000
  -0.000   -0.000    2.400       0.000000
  -0.000    0.600   -1.800       0.000000
  -0.000    0.600   -1.200       0.000000
  -0.000    0.600   -0.600       0.000000
  -0.000    0.600   -0.000       0.000000
  -0.000    0.600    0.600       0.000000
  -0.000    0.600    1.200       0.000000
  -0.000    0.600    1.800       0.000000
  -0.000    0.600    2.400       0.000000
  -0.000    1.200   -1.800       0.000000
  -0.000    1.200   -1.200       0.000000
  -0.000    1.200   -0.600       0.000000
  -0.000    1.200   -0.000       0.000000
  -0.000    1.200    0.600       0.000000
  -0.000    1.200    1.200       0.000000
  -0.000    1.200    1.800       0.000000
  -0.000    1.200    2.400       0.000000
  -0.000    1.800   -1.800       0.000000
  -0.000    1.800   -1.200       0.000000
  -0.000    1.800   -0.600       0.000000
  -0.000    1.800   -0.000       0.000000
  -0.000    1.800    0.600       0.000000
  -0.000    1.800    1.200       0.000000
  -0.000    1.800    1.800       0.000000
  -0.000    1.800    2.400       0.000000
  -0.000    2.400   -1.800       0.000000
  -0.000    2.400   -1.200       0.000000
  -0.000    2.400   -0.600       0.000000
  -0.000    2.400   -0.000       0.000000
  -0.000    2.400    0.600       0.000000
  -0.000    2.400    1.200       0.000000
  -0.000    2.400    1.800       0.000000
  -0.000    2.400    2.400       0.000000
   0.600   -1.800   -1.800       0.000000
   0.600   -1.800   -1.200       0.000000
   0.600   -1.800   -0.600       0.000000
   0.600   -1.800   -0.000       0.000000
   0.600   -1.800    0.600       0.000000
   0.600   -1.800    1.200       0.000000
   0.600   -1.800    1.800       0.000000
   0.600   -1.800    2.400       0.000000
   0.600   -1.200   -1.800       0.000000
   0.600   -1.200   -1.200       0.000000
   0.600   -1.200   -0.600       0.000000
   0.600   -1.200   -0.000       0.000000
   0.600   -1.200    0.600       0.000000
   0.600   -1.200    1.200       0.000000
   0.600   -1.200    1.800       0.000000
   0.600   -1.200    2.400       0.000000
   0.600   -0.600   -1.800       0.000000
   0.600   -0.600   -1.200       0.000000
   0.600   -0.600   -0.600       0.000000
   0.600   -0.600   -0.000       0.000000
   0.600   -0.600    0.600       0.000000
   0.600   -0.600    1.200       0.000000
   0.600   -0.600    1.800       0.000000
   0.600   -0.600    2.400       0.000000
   0.600   -0.000   -1.800       0.000000
   0.600   -0.000   -1.200       0.000000
   0.600   -0.000   -0.600       0.000000
   0.600   -0.000   -0.000       0.000000
   0.600   -0.000    0.600       0.000000
   0.600   -0.000    1.200       0.010328
   0.600   -0.000    1.800       0.010467
   0.600   -0.000    2.400       0.000000
   0.600    0.600   -1.800       0.000000
   0.600    0.600   -1.200       0.000000
   0.600    0.600   -0.600       0.000000
   0.600    0.600   -0.000       0.000000
   0.600    0.600    0.600       0.000000
   0.600    0.600    1.200       0.315817
   0.600    0.600    1.800       0.320056
   0.600    0.600    2.400       0.000000
   0.600    1.200   -1.800       0.000000
   0.600    1.200   -1.200       0.000000
   0.600    1.200   -0.600       0.000000
   0.600    1.200   -0.000       0.000000
   0.600    1.200    0.600       0.000000
   0.600    1.200    1.200       0.000000
   0.600    1.200    1.800       0.000000
   0.600    1.200    2.400       0.000000
   0.600    1.800   -1.800       0.000000
   0.600    1.800   -1.200       0.000000
   0.600    1.800   -0.600       0.000000
   0.600    1.800   -0.000       0.000000
   0.600    1.800    0.600       0.000000
   0.600    1.800    1.200       0.000000
   0.600    1.800    1.800       0.000000
   0.600    1.800    2.400       0.000000
   0.600    2.400   -1.800       0.000000
   0.600    2.400   -1.200       0.000000
   0.600    2.400   -0.600       0.000000
   0.600    2.400   -0.000       0.000000
   0.600    2.400    0.600       0.000000
   0.600    2.400    1.200       0.000000
   0.600    2.400    1.800       0.000000
   0.600    2.400    2.400       0.000000
   1.200   -1.800   -1.800       0.000000
   1.200   -1.800   -1.200       0.000000
   1.200   -1.800   -0.600       0.000000
   1.200   -1.800   -0.000       0.000000
   1.200   -1.800    0.600       0.000000
   1.200   -1.800    1.200       0.000000
   1.200   -1.800    1.800       0.000000
   1.200   -1.800    2.400       0.000000
   1.200   -1.200   -1.800       0.000000
   1.200   -1.200   -1.200       0.000000
   1.200   -1.200   -0.600       0.000000
   1.200   -1.200   -0.000       0.000000
   1.200   -1.200    0.600       0.000000
   1.200   -1.200    1.200       0.000000
   1.200   -1.200    1.800       0.000000
   1.200   -1.200    2.400       0.000000
   1.200   -0.600   -1.800       0.000000
   1.200   -0.600   -1.200       0.000000
   1.200   -0.600   -0.600       0.000000
   1.200   -0.600   -0.000       0.000000
   1.200   -0.600    0.600       0.000000
   1.200   -0.600    1.200       0.000000
   1.200   -0.600    1.800       0.000000
   1.200   -0.600    2.400       0.000000
   1.200   -0.000   -1.800       0.000000
   1.200   -0.000   -1.200       0.000000
   1.200   -0.000   -0.600       0.000000
   1.200   -0.000   -0.000       0.000000
   1.200   -0.000    0.600       0.000000
   1.200   -0.000    1.200       0.005400
   1.200   -0.000    1.800       0.005472
   1.200   -0.000    2.400       0.000000
   1.200    0.600   -1.800       0.000000
   1.200    0.600   -1.200       0.000000
   1.200    0.600   -0.600       0.000000
   1.200    0.600   -0.000       0.000000
   1.200    0.600    0.600       0.000000
   1.200    0.600    1.200       0.165122
   1.200    0.600    1.800       0.167339
   1.200    0.600    2.400       0.000000
   1.200    1.200   -1.800       0.000000
   1.200    1.200   -1.200       0.000000
   1.200    1.200   -0.600       0.000000
   1.200    1.200   -0.000       0.000000
   1.200    1.200    0.600       0.000000
   1.200    1.200    1.200       0.000000
   1.200    1.200    1.800       0.000000
   1.200    1.200    2.400       0.000000
   1.200    1.800   -1.800       0.000000
   1.200    1.800   -1.200       0.000000
   1.200    1.800   -0.600       0.000000
   1.200    1.800   -0.000       0.000000
   1.200    1.800    0.600       0.000000
   1.200    1.800    1.200       0.000000
   1.200    1.800    1.800       0.000000
   1.200    1.800    2.400       0.000000
   1.200    2.400   -1.800       0.000000
   1.200    2.400   -1.200       0.000000
   1.200    2.400   -0.600       0.000000
   1.200    2.400   -0.000       0.000000
   1.200    2.400    0.600       0.000000
   1.200    2.400    1.200       0.000000
   1.200    2.400    1.800       0.000000
   1.200    2.400    2.400       0.000000
   1.800   -1.800   -1.800       0.000000
   1.800   -1.800   -1.200       0.000000
   1.800   -1.800   -0.600       0.000000
   1.800   -1.800   -0.000       0.000000
   1.800   -1.800    0.600       0.000000
   1.800   -1.800    1.200       0.000000
   1.800   -1.800    1.800       0.000000
   1.800   -1.800    2.400       0.000000
   1.800   -1.200   -1.800       0.000000
   1.800   -1.200   -1.200       0.000000
   1.800   -1.200   -0.600       0.000000
   1.800   -1.200   -0.000       0.000000
   1.800   -1.200    0.600       0.000000
   1.800   -1.200    1.200       0.000000
   1.800   -1.200    1.800       0.000000
   1.800   -1.200    2.400       0.000000
   1.800   -0.600   -1.800       0.000000
   1.800   -0.600   -1.200       0.000000
   1.800   -0.600   -0.600       0.000000
   1.800   -0.600   -0.000       0.000000
   1.800   -0.600    0.600       0.000000
   1.800   -0.600    1.200       0.000000
   1.800   -0.600    1.800       0.000000
   1.800   -0.600    2.400       0.000000
   1.800   -0.000   -1.800       0.000000
   1.800   -0.000   -1.200       0.000000
   1.800   -0.000   -0.600       0.000000
   1.800   -0.000   -0.000       0.000000
   1.800   -0.000    0.600       0.000000
   1.800   -0.000    1.200       0.000000
   1.800   -0.000    1.800       0.000000
   1.800   -0.000    2.400       0.000000
   1.800    0.600   -1.800       0.000000
   1.800    0.600   -1.200       0.000000
   1.800    0.600   -0.600       0.019972
   1.800    0.600   -0.000       0.015067
   1.800    0.600    0.600       0.000000
   1.800    0.600    1.200       0.000000
   1.800    0.600    1.800       0.000000
   1.800    0.600    2.400       0.000000
   1.800    1.200   -1.800       0.000000
   1.800    1.200   -1.200       0.000000
   1.800    1.200   -0.600       0.332478
   1.800    1.200   -0.000       0.250817
   1.800    1.200    0.600       0.000000
   1.800    1.200    1.200       0.000000
   1.800    1.200    1.800       0.000000
   1.800    1.200    2.400       0.000000
   1.800    1.800   -1.800       0.000000
   1.800    1.800   -1.200       0.000000
   1.800    1.800   -0.600       0.000000
   1.800    1.800   -0.000       0.000000
   1.800    1.800    0.600       0.000000
   1.800    1.800    1.200       0.000000
   1.800    1.800    1.800       0.000000
   1.800    1.800    2.400       0.000000
   1.800    2.400   -1.800       0.000000
   1.800    2.400   -1.200       0.000000
   1.800    2.400   -0.600       0.000000
   1.800    2.400   -0.000       0.000000
   1.800    2.400    0.600       0.000000
   1.800    2.400    1.200       0.000000
   1.800    2.400    1.800       0.000000
   1.800    2.400    2.400       0.000000
   2.400   -1.800   -1.800       0.000000
   2.400   -1.800   -1.200       0.000000
   2.400   -1.800   -0.600       0.000000
   2.400   -1.800   -0.000       0.000000
   2.400   -1.800    0.600       0.000000
   2.400   -1.800    1.200       0.000000
   2.400   -1.800    1.800       0.000000
   2.400   -1.800    2.400       0.000000
   2.400   -1.200   -1.800       0.000000
   2.400   -1.200   -1.200       0.000000
   2.400   -1.200   -0.600       0.000000
   2.400   -1.200   -0.000       0.000000
   2.400   -1.200    0.600       0.000000
   2.400   -1.200    1.200       0.000000
   2.400   -1.200    1.800       0.000000
   2.400   -1.200    2.400       0.000000
   2.400   -0.600   -1.800       0.000000
   2.400   -0.600   -1.200       0.000000
   2.400   -0.600   -0.600       0.000000
   2.400   -0.600   -0.000       0.000000
   2.400   -0.600    0.600       0.000000
   2.400   -0.600    1.200       0.000000
   2.400   -0.600    1.800       0.000000
   2.400   -0.600    2.400       0.000000
   2.400   -0.000   -1.800       0.000000
   2.400   -0.000   -1.200       0.000000
   2.400   -0.000   -0.600       0.000000
   2.400   -0.000   -0.000       0.000000
   2.400   -0.000    0.600       0.000000
   2.400   -0.000    1.200       0.000000
   2.400   -0.000    1.800       0.000000
   2.400   -0.000    2.400       0.000000
   2.400    0.600   -1.800       0.000000
   2.400    0.600   -1.200       0.000000
   2.400    0.600   -0.600       0.012328
   2.400    0.600   -0.000       0.009300
   2.400    0.600    0.600       0.000000
   2.400    0.600    1.200       0.000000
   2.400    0.600    1.800       0.000000
   2.400    0.600    2.400       0.000000
   2.400    1.200   -1.800       0.000000
   2.400    1.200   -1.200       0.000000
   2.400    1.200   -0.600       0.205222
   2.400    1.200   -0.000       0.154817
   2.400    1.200    0.600       0.000000
   2.400    1.200    1.200       0.000000
   2.400    1.200    1.800       0.000000
   2.400    1.200    2.400       0.000000
   2.400    1.800   -1.800       0.000000
   2.400    1.800   -1.200       0.000000
   2.400    1.800   -0.600       0.000000
   2.400    1.800   -0.000       0.000000
   2.400    1.800    0.600       0.000000
   2.400    1.800    1.200       0.000000
   2.400    1.800    1.800       0.000000
   2.400    1.800    2.400       0.000000
   2.400    2.400   -1.800       0.000000
   2.400    2.400   -1.200       0.000000
   2.400    2.400   -0.600       0.000000
   2.400    2.400   -0.000       0.000000
   2.400    2.400    0.600       0.000000
   2.400    2.400    1.200       0.000000
   2.400    2.400    1.800       0.000000
   2.400    2.400    2.400       0.000000
