  -1.800   -1.800   -1.800       0.000000
  -1.800   -1.800   -1.200       0.000000
  -1.800   -1.800   -0.600       0.000000
  -1.800   -1.800   -0.000       0.000000
  -1.800   -1.800    0.600       0.000000
  -1.800   -1.800    1.200       0.000000
  -1.800   -1.800    1.800       0.000000
  -1.800   -1.800    2.400       0.000000
  -1.800   -1.200   -1.800       0.000000
  -1.800   -1.200   -1.200       0.000000
  -1.800   -1.200   -0.600       0.000000
  -1.800   -1.200   -0.000       0.000000
  -1.800   -1.200    0.600       0.000000
  -1.800   -1.200    1.200       0.000000
  -1.800   -1.200    1.800       0.000000
  -1.800   -1.200    2.400       0.000000
  -1.800   -0.600   -1.800       0.000000
  -1.800   -0.600   -1.200       0.000000
  -1.800   -0.600   -0.600       0.000000
  -1.800   -0.600   -0.000       0.000000
  -1.800   -0.600    0.600       0.000000
  -1.800   -0.600    1.200       0.000000
  -1.800   -0.600    1.800       0.000000
  -1.800   -0.600    2.400       0.000000
  -1.800   -0.000   -1.800       0.000000
  -1.800   -0.000   -1.200       0.000000
  -1.800   -0.000   -0.600       0.000000
  -1.800   -0.000   -0.000       0.000000
  -1.800   -0.000    0.600       0.000000
  -1.800   -0.000    1.200       0.000000
  -1.800   -0.000    1.800       0.000000
  -1.800   -0.000    2.400       0.000000
  -1.800    0.600   -1.800       0.000000
  -1.800    0.600   -1.200       0.000000
  -1.800    0.600   -0.600       0.000000
  -1.800    0.600   -0.000       0.000000
  -1.800    0.600    0.600       0.000000
  -1.800    0.600    1.200       0.000000
  -1.800    0.600    1.800       0.000000
  -1.800    0.600    2.400       0.000000
  -1.800    1.200   -1.800       0.000000
  -1.800    1.200   -1.200       0.000000
  -1.800    1.200   -0.600       0.000000
  -1.800    1.200   -0.000       0.000000
  -1.800    1.200    0.600       0.000000
  -1.800    1.200    1.200       0.000000
  -1.800    1.200    1.800       0.000000
  -1.800    1.200    2.400       0.000000
  -1.800    1.800   -1.800       0.000000
  -1.800    1.800   -1.200       0.000000
  -1.800    1.800   -0.600       0.000000
  -1.800    1.800   -0.000       0.000000
  -1.800    1.800    0.600       0.000000
  -1.800    1.800    1.200       0.000000
  -1.800    1.800    1.800       0.000000
  -1.800    1.800    2.400       0.000000
  -1.800    2.400   -1.800       0.000000
  -1.800    2.400   -1.200       0.000000
  -1.800    2.400   -0.600       0.000000
  -1.800    2.400   -0.000       0.000000
  -1.800    2.400    0.600       0.000000
  -1.800    2.400    1.200       0.000000
  -1.800    2.400    1.800       0.000000
  -1.800    2.400    2.400       0.000000
  -1.200   -1.800   -1.800       0.000000
  -1.200   -1.800   -1.200       0.000000
  -1.200   -1.800   -0.600       0.000000
  -1.200   -1.800   -0.000       0.000000
  -1.200   -1.800    0.600       0.000000
  -1.200   -1.800    1.200       0.000000
  -1.200   -1.800    1.800       0.000000
  -1.200   -1.800    2.400       0.000000
  -1.200   -1.200   -1.800       0.000026
  -1.200   -1.200   -1.200       0.000025
  -1.200   -1.200   -0.600       0.000000
  -1.200   -1.200   -0.000       0.000000
  -1.200   -1.200    0.600       0.000000
  -1.200   -1.200    1.200       0.000000
  -1.200   -1.200    1.800       0.000000
  -1.200   -1.200    2.400       0.000000
  -1.200   -0.600   -1.800       0.000935
  -1.200   -0.600   -1.200       0.000923
  -1.200   -0.600   -0.600       0.000000
  -1.200   -0.600   -0.000       0.000000
  -1.200   -0.600    0.600       0.000000
  -1.200   -0.600    1.200       0.000000
  -1.200   -0.600    1.800       0.000000
  -1.200   -0.600    2.400       0.000000
  -1.200   -0.000   -1.800       0.000000
  -1.200   -0.000   -1.200       0.000000
  -1.200   -0.000   -0.600       0.000000
  -1.200   -0.000   -0.000       0.000000
  -1.200   -0.000    0.600       0.000000
  -1.200   -0.000    1.200       0.000000
  -1.200   -0.000    1.800       0.000000
  -1.200   -0.000    2.400       0.000000
  -1.200    0.600   -1.800       0.000000
  -1.200    0.600   -1.200       0.000000
  -1.200    0.600   -0.600       0.000000
  -1.200    0.600   -0.000       0.000000
  -1.200    0.600    0.600       0.000000
  -1.200    0.600    1.200       0.000000
  -1.200    0.600    1.800       0.000000
  -1.200    0.600    2.400       0.000000
  -1.200    1.200   -1.800       0.000000
  -1.200    1.200   -1.200       0.000000
  -1.200    1.200   -0.600       0.000000
  -1.200    1.200   -0.000       0.000000
  -1.200    1.200    0.600       0.000000
  -1.200    1.200    1.200       0.000000
  -1.200    1.200    1.800       0.000000
  -1.200    1.200    2.400       0.000000
  -1.200    1.800   -1.800       0.000000
  -1.200    1.800   -1.200       0.000000
  -1.200    1.800   -0.600       0.000000
  -1.200    1.800   -0.000       0.000000
  -1.200    1.800    0.600       0.000000
  -1.200    1.800    1.200       0.000000
  -1.200    1.800    1.800       0.000000
  -1.200    1.800    2.400       0.000000
  -1.200    2.400   -1.800       0.000000
  -1.200    2.400   -1.200       0.000000
  -1.200    2.400   -0.600       0.000000
  -1.200    2.400   -0.000       0.000000
  -1.200    2.400    0.600       0.000000
  -1.200    2.400    1.200       0.000000
  -1.200    2.400    1.800       0.000000
  -1.200    2.400    2.400       0.000000
  -0.600   -1.800   -1.800       0.000000
  -0.600   -1.800   -1.200       0.000000
  -0.600   -1.800   -0.600       0.000000
  -0.600   -1.800   -0.000       0.000000
  -0.600   -1.800    0.600       0.000000
  -0.600   -1.800    1.200       0.000000
  -0.600   -1.800    1.800       0.000000
  -0.600   -1.800    2.400       0.000000
  -0.600   -1.200   -1.800       0.000041
  -0.600   -1.200   -1.200       0.000041
  -0.600   -1.200   -0.600       0.000000
  -0.600   -1.200   -0.000       0.000000
  -0.600   -1.200    0.600       0.000000
  -0.600   -1.200    1.200       0.000000
  -0.600   -1.200    1.800       0.000000
  -0.600   -1.200    2.400       0.000000
  -0.600   -0.600   -1.800       0.001515
  -0.600   -0.600   -1.200       0.001495
  -0.600   -0.600   -0.600       0.000000
  -0.600   -0.600   -0.000       0.000000
  -0.600   -0.600    0.600       0.000000
  -0.600   -0.600    1.200       0.000000
  -0.600   -0.600    1.800       0.000000
  -0.600   -0.600    2.400       0.000000
  -0.600   -0.000   -1.800       0.000000
  -0.600   -0.000   -1.200       0.000000
  -0.600   -0.000   -0.600       0.000000
  -0.600   -0.000   -0.000       0.000000
  -0.600   -0.000    0.600       0.000000
  -0.600   -0.000    1.200       0.000000
  -0.600   -0.000    1.800       0.000000
  -0.600   -0.000    2.400       0.000000
  -0.600    0.600   -1.800       0.000000
  -0.600    0.600   -1.200       0.000000
  -0.600    0.600   -0.600       0.000000
  -0.600    0.600   -0.000       0.000000
  -0.600    0.600    0.600       0.000000
  -0.600    0.600    1.200       0.000000
  -0.600    0.600    1.800       0.000000
  -0.600    0.600    2.400       0.000000
  -0.600    1.200   -1.800       0.000000
  -0.600    1.200   -1.200       0.000000
  -0.600    1.200   -0.600       0.000000
  -0.600    1.200   -0.000       0.000000
  -0.600    1.200    0.600       0.000000
  -0.600    1.200    1.200       0.000000
  -0.600    1.200    1.800       0.000000
  -0.600    1.200    2.400       0.000000
  -0.600    1.800   -1.800       0.000000
  -0.600    1.800   -1.200       0.000000
  -0.600    1.800   -0.600       0.000000
  -0.600    1.800   -0.000       0.000000
  -0.600    1.800    0.600       0.000000
  -0.600    1.800    1.200       0.000000
  -0.600    1.800    1.800       0.000000
  -0.600    1.800    2.400       0.000000
  -0.600    2.400   -1.800       0.000000
  -0.600    2.400   -1.200       0.000000
  -0.600    2.400   -0.600       0.000000
  -0.600    2.400   -0.000       0.000000
  -0.600    2.400    0.600       0.000000
  -0.600    2.400    1.200       0.000000
  -0.600    2.400    1.800       0.000000
  -0.600    2.400    2.400       0.000000
  -0.000   -1.800   -1.800       0.000000
  -0.000   -1.800   -1.200       0.000000
  -0.000   -1.800   -0.600       0.000000
  -0.000   -1.800   -0.000       0.000000
  -0.000   -1.800    0.600       0.000000
  -0.000   -1.800    1.200       0.000000
  -0.000   -1.800    1.800       0.000000
  -0.000   -1.800    2.400       0.000000
  -0.000   -1.200   -1.800       0.000047
  -0.000   -1.200   -1.200       0.000047
  -0.000   -1.200   -0.600       0.000000
  -0.000   -1.200   -0.000       0.000000
  -0.000   -1.200    0.600       0.000000
  -0.000   -1.200    1.200       0.000000
  -0.000   -1.200    1.800       0.000000
  -0.000   -1.200    2.400       0.000000
  -0.000   -0.600   -1.800       0.000003
  -0.000   -0.600   -1.200       0.000003
  -0.000   -0.600   -0.600       0.000000
  -0.000   -0.600   -0.000       0.000000
  -0.000   -0.600    0.600       0.000000
  -0.000   -0.600    1.200       0.000000
  -0.000   -0.600    1.800       0.000000
  -0.000   -0.600    2.400       0.000000
  -0.000   -0.000   -1.800       0.000000
  -0.000   -0.000   -1.200       0.000000
  -0.000   -0.000   -0.600       0.000000
  -0.000   -0.000   -0.000       0.000000
  -0.000   -0.000    0.600       0.000000
  -0.000   -0.000    1.200       0.000000
  -0.000   -0.000    1.800       0.000000
  -0.000   -0.000    2.400       0.000000
  -0.000    0.600   -1.800       0.000000
  -0.000    0.600   -1.200       0.000000
  -0.000    0.600   -0.600       0.000000
  -0.000    0.600   -0.000       0.000000
  -0.000    0.600    0.600       0.000000
  -0.000    0.600    1.200       0.000000
  -0.000    0.600    1.800       0.000000
  -0.000    0.600    2.400       0.000000
  -0.000    1.200   -1.800       0.000000
  -0.000    1.200   -1.200       0.000000
  -0.000    1.200   -0.600       0.000000
  -0.000    1.200   -0.000       0.000000
  -0.000    1.200    0.600       0.000000
  -0.000    1.200    1.200       0.000000
  -0.000    1.200    1.800       0.000000
  -0.000    1.200    2.400       0.000000
  -0.000    1.800   -1.800       0.000000
  -0.000    1.800   -1.200       0.000000
  -0.000    1.800   -0.600       0.000000
  -0.000    1.800   -0.000       0.000000
  -0.000    1.800    0.600       0.000000
  -0.000    1.800    1.200       0.000000
  -0.000    1.800    1.800       0.000000
  -0.000    1.800    2.400       0.000000
  -0.000    2.400   -1.800       0.000000
  -0.000    2.400   -1.200       0.000000
  -0.000    2.400   -0.600       0.000000
  -0.000    2.400   -0.000       0.000000
  -0.000    2.400    0.600       0.000000
  -0.000    2.400    1.200       0.000000
  -0.000    2.400    1.800       0.000000
  -0.000    2.400    2.400       0.000000
   0.600   -1.800   -1.800       0.000000
   0.600   -1.800   -1.200       0.000000
   0.600   -1.800   -0.600       0.000000
   0.600   -1.800   -0.000       0.000000
   0.600   -1.800    0.600       0.000000
   0.600   -1.800    1.200       0.000000
   0.600   -1.800    1.800       0.000000
   0.600   -1.800    2.400       0.000000
   0.600   -1.200   -1.800       0.002801
   0.600   -1.200   -1.200       0.002764
   0.600   -1.200   -0.600       0.000000
   0.600   -1.200   -0.000       0.000000
   0.600   -1.200    0.600       0.000000
   0.600   -1.200    1.200       0.000000
   0.600   -1.200    1.800       0.000000
   0.600   -1.200    2.400       0.000000
   0.600   -0.600   -1.800       0.000168
   0.600   -0.600   -1.200       0.000166
   0.600   -0.600   -0.600       0.000000
   0.600   -0.600   -0.000       0.000000
   0.600   -0.600    0.600       0.000000
   0.600   -0.600    1.200       0.000000
   0.600   -0.600    1.800       0.000000
   0.600   -0.600    2.400       0.000000
   0.600   -0.000   -1.800       0.000000
   0.600   -0.000   -1.200       0.000000
   0.600   -0.000   -0.600       0.000000
   0.600   -0.000   -0.000       0.000000
   0.600   -0.000    0.600       0.000000
   0.600   -0.000    1.200      -0.006692
   0.600   -0.000    1.800      -0.006782
   0.600   -0.000    2.400       0.000000
   0.600    0.600   -1.800       0.000000
   0.600    0.600   -1.200       0.000000
   0.600    0.600   -0.600       0.000000
   0.600    0.600   -0.000       0.000000
   0.600    0.600    0.600       0.000000
   0.600    0.600    1.200      -0.204649
   0.600    0.600    1.800      -0.207396
   0.600    0.600    2.400       0.000000
   0.600    1.200   -1.800       0.000000
   0.600    1.200   -1.200       0.000000
   0.600    1.200   -0.600       0.000000
   0.600    1.200   -0.000       0.000000
   0.600    1.200    0.600       0.000000
   0.600    1.200    1.200       0.000000
   0.600    1.200    1.800       0.000000
   0.600    1.200    2.400       0.000000
   0.600    1.800   -1.800       0.000000
   0.600    1.800   -1.200       0.000000
   0.600    1.800   -0.600       0.000000
   0.600    1.800   -0.000       0.000000
   0.600    1.800    0.600       0.000000
   0.600    1.800    1.200       0.000000
   0.600    1.800    1.800       0.000000
   0.600    1.800    2.400       0.000000
   0.600    2.400   -1.800       0.000000
   0.600    2.400   -1.200       0.000000
   0.600    2.400   -0.600       0.000000
   0.600    2.400   -0.000       0.000000
   0.600    2.400    0.600       0.000000
   0.600    2.400    1.200       0.000000
   0.600    2.400    1.800       0.000000
   0.600    2.400    2.400       0.000000
   1.200   -1.800   -1.800       0.000000
   1.200   -1.800   -1.200       0.000000
   1.200   -1.800   -0.600       0.000000
   1.200   -1.800   -0.000       0.000000
   1.200   -1.800    0.600       0.000000
   1.200   -1.800    1.200       0.000000
   1.200   -1.800    1.800       0.000000
   1.200   -1.800    2.400       0.000000
   1.200   -1.200   -1.800       0.000000
   1.200   -1.200   -1.200       0.000000
   1.200   -1.200   -0.600       0.017276
   1.200   -1.200   -0.000       0.061849
   1.200   -1.200    0.600       0.000000
   1.200   -1.200    1.200       0.000000
   1.200   -1.200    1.800       0.000000
   1.200   -1.200    2.400       0.000000
   1.200   -0.600   -1.800       0.000000
   1.200   -0.600   -1.200       0.000000
   1.200   -0.600   -0.600       0.005258
   1.200   -0.600   -0.000       0.018824
   1.200   -0.600    0.600       0.000000
   1.200   -0.600    1.200       0.000000
   1.200   -0.600    1.800       0.000000
   1.200   -0.600    2.400       0.000000
   1.200   -0.000   -1.800       0.000000
   1.200   -0.000   -1.200       0.000000
   1.200   -0.000   -0.600       0.000000
   1.200   -0.000   -0.000       0.015991
   1.200   -0.000    0.600       0.029697
   1.200   -0.000    1.200      -0.003499
   1.200   -0.000    1.800      -0.003546
   1.200   -0.000    2.400       0.000000
   1.200    0.600   -1.800       0.000000
   1.200    0.600   -1.200       0.000000
   1.200    0.600   -0.600       0.000000
   1.200    0.600   -0.000       0.026651
   1.200    0.600    0.600       0.049495
   1.200    0.600    1.200      -0.106999
   1.200    0.600    1.800      -0.108436
   1.200    0.600    2.400       0.000000
   1.200    1.200   -1.800       0.000000
   1.200    1.200   -1.200       0.000000
   1.200    1.200   -0.600       0.000000
   1.200    1.200   -0.000       0.000000
   1.200    1.200    0.600       0.000000
   1.200    1.200    1.200       0.000000
   1.200    1.200    1.800       0.000000
   1.200    1.200    2.400       0.000000
   1.200    1.800   -1.800       0.000000
   1.200    1.800   -1.200       0.000000
   1.200    1.800   -0.600       0.000000
   1.200    1.800   -0.000       0.000000
   1.200    1.800    0.600       0.000000
   1.200    1.800    1.200       0.000000
   1.200    1.800    1.800       0.000000
   1.200    1.800    2.400       0.000000
   1.200    2.400   -1.800       0.000000
   1.200    2.400   -1.200       0.000000
   1.200    2.400   -0.600       0.000000
   1.200    2.400   -0.000       0.000000
   1.200    2.400    0.600       0.000000
   1.200    2.400    1.200       0.000000
   1.200    2.400    1.800       0.000000
   1.200    2.400    2.400       0.000000
   1.800   -1.800   -1.800       0.000000
   1.800   -1.800   -1.200       0.000000
   1.800   -1.800   -0.600       0.000000
   1.800   -1.800   -0.000       0.000000
   1.800   -1.800    0.600       0.000000
   1.800   -1.800    1.200       0.000000
   1.800   -1.800    1.800       0.000000
   1.800   -1.800    2.400       0.000000
   1.800   -1.200   -1.800       0.000000
   1.800   -1.200   -1.200       0.000000
   1.800   -1.200   -0.600       0.001639
   1.800   -1.200   -0.000       0.005869
   1.800   -1.200    0.600       0.000000
   1.800   -1.200    1.200       0.000000
   1.800   -1.200    1.800       0.000000
   1.800   -1.200    2.400       0.000000
   1.800   -0.600   -1.800       0.000000
   1.800   -0.600   -1.200       0.000000
   1.800   -0.600   -0.600       0.000499
   1.800   -0.600   -0.000       0.001786
   1.800   -0.600    0.600       0.000000
   1.800   -0.600    1.200       0.000000
   1.800   -0.600    1.800       0.000000
   1.800   -0.600    2.400       0.000000
   1.800   -0.000   -1.800       0.000000
   1.800   -0.000   -1.200       0.000000
   1.800   -0.000   -0.600       0.000000
   1.800   -0.000   -0.000       0.006584
   1.800   -0.000    0.600       0.012228
   1.800   -0.000    1.200       0.000000
   1.800   -0.000    1.800       0.000000
   1.800   -0.000    2.400       0.000000
   1.800    0.600   -1.800       0.000000
   1.800    0.600   -1.200       0.000000
   1.800    0.600   -0.600      -0.012942
   1.800    0.600   -0.000       0.001211
   1.800    0.600    0.600       0.020380
   1.800    0.600    1.200       0.000000
   1.800    0.600    1.800       0.000000
   1.800    0.600    2.400       0.000000
   1.800    1.200   -1.800       0.000000
   1.800    1.200   -1.200       0.000000
   1.800    1.200   -0.600      -0.215446
   1.800    1.200   -0.000      -0.162529
   1.800    1.200    0.600       0.000000
   1.800    1.200    1.200       0.000000
   1.800    1.200    1.800       0.000000
   1.800    1.200    2.400       0.000000
   1.800    1.800   -1.800       0.000000
   1.800    1.800   -1.200       0.000000
   1.800    1.800   -0.600       0.000000
   1.800    1.800   -0.000       0.000000
   1.800    1.800    0.600       0.000000
   1.800    1.800    1.200       0.000000
   1.800    1.800    1.800       0.000000
   1.800    1.800    2.400       0.000000
   1.800    2.400   -1.800       0.000000
   1.800    2.400   -1.200       0.000000
   1.800    2.400   -0.600       0.000000
   1.800    2.400   -0.000       0.000000
   1.800    2.400    0.600       0.000000
   1.800    2.400    1.200       0.000000
   1.800    2.400    1.800       0.000000
   1.800    2.400    2.400       0.000000
   2.400   -1.800   -1.800       0.000000
   2.400   -1.800   -1.200       0.000000
   2.400   -1.800   -0.600       0.000000
   2.400   -1.800   -0.000       0.000000
   2.400   -1.800    0.600       0.000000
   2.400   -1.800    1.200       0.000000
   2.400   -1.800    1.800       0.000000
   2.400   -1.800    2.400       0.000000
   2.400   -1.200   -1.800       0.000000
   2.400   -1.200   -1.200       0.000000
   2.400   -1.200   -0.600       0.000000
   2.400   -1.200   -0.000       0.000000
   2.400   -1.200    0.600       0.000000
   2.400   -1.200    1.200       0.000000
   2.400   -1.200    1.800       0.000000
   2.400   -1.200    2.400       0.000000
   2.400   -0.600   -1.800       0.000000
   2.400   -0.600   -1.200       0.000000
   2.400   -0.600   -0.600       0.000000
   2.400   -0.600   -0.000       0.000000
   2.400   -0.600    0.600       0.000000
   2.400   -0.600    1.200       0.000000
   2.400   -0.600    1.800       0.000000
   2.400   -0.600    2.400       0.000000
   2.400   -0.000   -1.800       0.000000
   2.400   -0.000   -1.200       0.000000
   2.400   -0.000   -0.600       0.000000
   2.400   -0.000   -0.000       0.000000
   2.400   -0.000    0.600       0.000000
   2.400   -0.000    1.200       0.000000
   2.400   -0.000    1.800       0.000000
   2.400   -0.000    2.400       0.000000
   2.400    0.600   -1.800       0.000000
   2.400    0.600   -1.200       0.000000
   2.400    0.600   -0.600      -0.007988
   2.400    0.600   -0.000      -0.006026
   2.400    0.600    0.600       0.000000
   2.400    0.600    1.200       0.000000
   2.400    0.600    1.800       0.000000
   2.400    0.600    2.400       0.000000
   2.400    1.200   -1.800       0.000000
   2.400    1.200   -1.200       0.000000
   2.400    1.200   -0.600      -0.132984
   2.400    1.200   -0.000      -0.100321
   2.400    1.200    0.600       0.000000
   2.400    1.200    1.200       0.000000
   2.400    1.200    1.800       0.000000
   2.400    1.200    2.400       0.000000
   2.400    1.800   -1.800       0.000000
   2.400    1.800   -1.200       0.000000
   2.400    1.800   -0.600       0.000000
   2.400    1.800   -0.000       0.000000
   2.400    1.800    0.600       0.000000
   2.400    1.800    1.200       0.000000
   2.400    1.800    1.800       0.000000
   2.400    1.800    2.400       0.000000
   2.400    2.400   -1.800       0.000000
   2.400    2.400   -1.200       0.000000
   2.400    2.400   -0.600       0.000000
   2.400    2.400   -0.000       0.000000
   2.400    2.400    0.600       0.000000
   2.400    2.400    1.200       0.000000
   2.400    2.400    1.800       0.000000
   2.400    2.400    2.400       0.000000
