 0.030000000000
 0.030000000000
 0.030000000000
 0.030000000000
 0.030000000000
 0.023725733333
 0.013630660000
 0.006187980000
 0.030000000000
 0.030000000000
 0.030000000000
 0.030000000000
 0.030000000000
 0.020746543333
 0.011443176667
 0.005269440000
 0.030000000000
 0.030000000000
 0.030000000000
 0.030000000000
 0.029457786667
 0.016882123333
 0.010214990000
 0.005901030000
 0.030000000000
 0.030000000000
 0.030000000000
 0.026533940000
 0.019330746667
 0.013346133333
 0.009360103333
 0.006646116667
 0.030000000000
 0.028402643333
 0.021735400000
 0.017574780000
 0.013955096667
 0.010893983333
 0.008586613333
 0.006935050000
 0.013566136667
 0.016165990000
 0.014911380000
 0.012891456667
 0.010886450000
 0.009149800000
 0.007785420000
 0.006788246667
 0.010924320000
 0.011704023333
 0.011130053333
 0.009961260000
 0.008742336667
 0.007711563333
 0.006929263333
 0.006370463333
 0.010178633333
 0.009684823333
 0.008801796667
 0.007772380000
 0.006907453333
 0.006341710000
 0.006027040000
 0.005845076667
 0.030000000000
 0.030000000000
 0.030000000000
 0.030000000000
 0.030000000000
 0.023405360000
 0.011283120000
-0.003858233333
 0.030000000000
 0.030000000000
 0.030000000000
 0.030000000000
 0.030000000000
 0.020716616667
 0.010135896667
-0.001891793333
 0.030000000000
 0.030000000000
 0.030000000000
 0.030000000000
 0.026186873333
 0.017821140000
 0.010338150000
 0.003083573333
 0.030000000000
 0.030000000000
 0.030000000000
 0.025620686667
 0.020247013333
 0.015019773333
 0.010359293333
 0.006291416667
 0.030000000000
 0.026957806667
 0.022725946667
 0.019177973333
 0.015823193333
 0.012665260000
 0.009867733333
 0.007540956667
 0.019045190000
 0.018613013333
 0.016863326667
 0.014774030000
 0.012687540000
 0.010750176667
 0.009060410000
 0.007685810000
 0.014906093333
 0.014208746667
 0.013061490000
 0.011685993333
 0.010334526667
 0.009135946667
 0.008133320000
 0.007333636667
 0.012955503333
 0.011675070000
 0.010432496667
 0.009288150000
 0.008363976667
 0.007689530000
 0.007205893333
 0.006833646667
 0.030000000000
 0.030000000000
 0.030000000000
 0.030000000000
 0.030000000000
 0.024044576667
 0.008339193333
-0.029031046667
 0.030000000000
 0.030000000000
 0.030000000000
 0.030000000000
 0.030000000000
 0.021147183333
 0.008170160000
-0.016716066667
 0.030000000000
 0.030000000000
 0.030000000000
 0.030000000000
 0.025652676667
 0.018620810000
 0.010235686667
-0.000973140000
 0.030000000000
 0.030000000000
 0.029286116667
 0.025349303333
 0.020950103333
 0.016258646667
 0.011274943333
 0.006066500000
 0.027652170000
 0.025655113333
 0.023003206667
 0.020114406667
 0.017098070000
 0.014051680000
 0.011070303333
 0.008325316667
 0.021591926667
 0.020042496667
 0.018178713333
 0.016134343333
 0.014069516667
 0.012082660000
 0.010245960000
 0.008653526667
 0.017889440000
 0.016240933333
 0.014667916667
 0.013119546667
 0.011673586667
 0.010375126667
 0.009238573333
 0.008282823333
 0.015640836667
 0.013604843333
 0.011979926667
 0.010679836667
 0.009674840000
 0.008897420000
 0.008271126667
 0.007745390000
 0.030000000000
 0.030000000000
 0.030000000000
 0.030000000000
 0.030000000000
 0.028388496667
 0.014123660000
-0.030000000000
 0.030000000000
 0.030000000000
 0.030000000000
 0.030000000000
 0.030000000000
 0.024511153333
 0.011852920000
-0.023507816667
 0.030000000000
 0.030000000000
 0.030000000000
 0.030000000000
 0.027234826667
 0.021074053333
 0.013038203333
-0.000059126667
 0.030000000000
 0.030000000000
 0.029537920000
 0.026171520000
 0.022292050000
 0.018125996667
 0.013418630000
 0.007927876667
 0.027653990000
 0.025948963333
 0.023741706667
 0.021129783333
 0.018353813333
 0.015536956667
 0.012681586667
 0.009875913333
 0.023155596667
 0.021350090000
 0.019371320000
 0.017286816667
 0.015246270000
 0.013309903333
 0.011491436667
 0.009849286667
 0.020008270000
 0.017950196667
 0.016064720000
 0.014328486667
 0.012793413333
 0.011449016667
 0.010264233333
 0.009239666667
 0.018105210000
 0.015548326667
 0.013529333333
 0.011974980000
 0.010817413333
 0.009925290000
 0.009189373333
 0.008558913333
 0.030000000000
 0.030000000000
 0.030000000000
 0.030000000000
 0.030000000000
 0.030000000000
 0.030000000000
 0.030000000000
 0.030000000000
 0.030000000000
 0.030000000000
 0.030000000000
 0.030000000000
 0.030000000000
 0.026225573333
 0.010528486667
 0.030000000000
 0.030000000000
 0.030000000000
 0.030000000000
 0.029955856667
 0.025433436667
 0.020630886667
 0.012192916667
 0.030000000000
 0.030000000000
 0.030000000000
 0.027593363333
 0.024081363333
 0.020777326667
 0.017348546667
 0.013109840000
 0.029091363333
 0.027643583333
 0.025118853333
 0.022284986667
 0.019620576667
 0.017186093333
 0.014826326667
 0.012404803333
 0.024952813333
 0.023184943333
 0.020706006667
 0.018283053333
 0.016212186667
 0.014422870000
 0.012792123333
 0.011272403333
 0.021679050000
 0.019548436667
 0.017250483333
 0.015231820000
 0.013620370000
 0.012305793333
 0.011170946667
 0.010168063333
 0.020359600000
 0.017508996667
 0.014974643333
 0.013045626667
 0.011694686667
 0.010710050000
 0.009920370000
 0.009246186667
 0.030000000000
 0.030000000000
 0.030000000000
 0.030000000000
 0.030000000000
 0.030000000000
 0.030000000000
 0.030000000000
 0.030000000000
 0.030000000000
 0.030000000000
 0.030000000000
 0.030000000000
 0.030000000000
 0.030000000000
 0.030000000000
 0.030000000000
 0.030000000000
 0.030000000000
 0.030000000000
 0.030000000000
 0.030000000000
 0.030000000000
 0.030000000000
 0.030000000000
 0.030000000000
 0.030000000000
 0.028888630000
 0.025631173333
 0.023512786667
 0.022137593333
 0.020121596667
 0.030000000000
 0.030000000000
 0.027483623333
 0.023302620000
 0.020551420000
 0.018634720000
 0.017048460000
 0.015311623333
 0.030000000000
 0.027595110000
 0.022451093333
 0.018858820000
 0.016718683333
 0.015212820000
 0.013923883333
 0.012660676667
 0.023496956667
 0.021029896667
 0.017736683333
 0.015400686667
 0.013911033333
 0.012801793333
 0.011842516667
 0.010951276667
 0.022221606667
 0.018837306667
 0.015617243333
 0.013440346667
 0.012086043333
 0.011151203333
 0.010408650000
 0.009764720000
 0.030000000000
 0.030000000000
 0.030000000000
 0.030000000000
 0.030000000000
 0.030000000000
 0.030000000000
 0.030000000000
 0.030000000000
 0.030000000000
 0.030000000000
 0.030000000000
 0.030000000000
 0.030000000000
 0.030000000000
 0.030000000000
 0.030000000000
 0.030000000000
 0.030000000000
 0.030000000000
 0.030000000000
 0.030000000000
 0.030000000000
 0.030000000000
 0.030000000000
 0.030000000000
 0.030000000000
 0.029057083333
 0.026001343333
 0.025088146667
 0.025790480000
 0.025950116667
 0.030000000000
 0.030000000000
 0.030000000000
 0.023514946667
 0.020606843333
 0.019292636667
 0.018507116667
 0.017461236667
 0.030000000000
 0.030000000000
 0.024308966667
 0.018127420000
 0.016350306667
 0.015388683333
 0.014548376667
 0.013602530000
 0.024438420000
 0.019720266667
 0.014924896667
 0.013717823333
 0.013295890000
 0.012771536667
 0.012139283333
 0.011440880000
 0.020211480000
 0.015774593333
 0.013210556667
 0.012278736667
 0.011712996667
 0.011154946667
 0.010604486667
 0.010073623333
 0.030000000000
 0.030000000000
 0.030000000000
 0.030000000000
 0.030000000000
 0.030000000000
 0.030000000000
 0.030000000000
 0.030000000000
 0.030000000000
 0.030000000000
 0.030000000000
 0.030000000000
 0.030000000000
 0.030000000000
 0.030000000000
 0.030000000000
 0.030000000000
 0.030000000000
 0.030000000000
 0.030000000000
 0.030000000000
 0.030000000000
 0.030000000000
 0.030000000000
 0.030000000000
 0.030000000000
 0.027208806667
 0.024589980000
 0.024389610000
 0.025972396667
 0.026994353333
 0.030000000000
 0.030000000000
 0.030000000000
 0.021746026667
 0.019497643333
 0.018769383333
 0.018491460000
 0.017870586667
 0.030000000000
 0.030000000000
 0.017441183333
 0.014401980000
 0.014929046667
 0.014832353333
 0.014441410000
 0.013799803333
-0.007339126667
-0.017077553333
-0.001378143333
 0.008619786667
 0.011652540000
 0.012185236667
 0.011993426667
 0.011550730000
 0.000349926667
-0.003971550000
 0.003522050000
 0.008873546667
 0.010545843333
 0.010727970000
 0.010500530000
 0.010167416667
 0.030000000000
 0.030000000000
 0.030000000000
 0.030000000000
 0.030000000000
 0.030000000000
 0.030000000000
 0.030000000000
 0.030000000000
 0.030000000000
 0.030000000000
 0.030000000000
 0.030000000000
 0.030000000000
 0.030000000000
 0.030000000000
 0.030000000000
 0.030000000000
 0.030000000000
 0.030000000000
 0.030000000000
 0.030000000000
 0.030000000000
 0.030000000000
 0.030000000000
 0.030000000000
 0.030000000000
 0.030000000000
 0.030000000000
 0.030000000000
 0.030000000000
 0.030000000000
 0.030000000000
 0.030000000000
 0.030000000000
 0.030000000000
 0.030000000000
 0.030000000000
 0.030000000000
 0.030000000000
 0.030000000000
 0.030000000000
 0.030000000000
 0.000526563333
-0.010092660000
-0.001852056667
 0.030000000000
 0.030000000000
 0.030000000000
 0.030000000000
 0.021932376667
-0.011287780000
-0.015392080000
-0.012857120000
 0.004456253333
 0.030000000000
 0.030000000000
 0.030000000000
 0.030000000000
 0.010425203333
-0.003287650000
-0.009584726667
-0.006480363333
 0.030000000000
 0.030000000000
 0.030000000000
 0.030000000000
 0.030000000000
 0.030000000000
 0.030000000000
 0.030000000000
 0.030000000000
 0.030000000000
 0.030000000000
 0.030000000000
 0.030000000000
 0.030000000000
 0.030000000000
 0.030000000000
 0.030000000000
 0.030000000000
 0.030000000000
 0.030000000000
 0.030000000000
 0.030000000000
 0.030000000000
 0.030000000000
 0.030000000000
 0.030000000000
 0.030000000000
 0.030000000000
 0.030000000000
 0.021478903333
 0.030000000000
 0.030000000000
 0.030000000000
 0.030000000000
 0.030000000000
 0.030000000000
-0.001751543333
-0.009624343333
-0.003701050000
 0.030000000000
 0.030000000000
 0.030000000000
 0.030000000000
 0.027179053333
-0.012377273333
-0.016275556667
-0.014197346667
-0.003254626667
 0.029702213333
 0.030000000000
 0.030000000000
-0.002156943333
-0.014603376667
-0.016665883333
-0.016485320000
-0.012588303333
 0.008095243333
 0.030000000000
 0.030000000000
 0.021082953333
 0.006753013333
-0.004657120000
-0.010655483333
-0.010367546667
 0.024693800000
 0.030000000000
 0.030000000000
 0.030000000000
 0.030000000000
 0.030000000000
 0.030000000000
 0.030000000000
 0.030000000000
 0.030000000000
 0.030000000000
 0.030000000000
 0.030000000000
 0.030000000000
 0.030000000000
 0.030000000000
 0.030000000000
 0.030000000000
 0.030000000000
 0.016851873333
 0.003264293333
 0.028660463333
 0.030000000000
 0.030000000000
 0.030000000000
 0.030000000000
 0.030000000000
 0.007150303333
-0.011931653333
-0.006786550000
 0.030000000000
 0.030000000000
 0.030000000000
 0.030000000000
 0.030000000000
 0.001706186667
-0.015905760000
-0.016273313333
-0.008783200000
 0.019520746667
 0.030000000000
 0.030000000000
 0.030000000000
-0.007511653333
-0.017157226667
-0.017932516667
-0.016826010000
-0.013132550000
-0.003770443333
 0.030000000000
 0.011384983333
-0.010835393333
-0.016038683333
-0.017365926667
-0.017647373333
-0.016603383333
-0.007192713333
 0.030000000000
 0.030000000000
 0.016408340000
 0.002104246667
-0.007504116667
-0.012542513333
-0.013185316667
 0.009044040000
 0.030000000000
 0.030000000000
 0.030000000000
 0.030000000000
 0.030000000000
 0.030000000000
 0.030000000000
 0.030000000000
 0.030000000000
 0.030000000000
 0.030000000000
 0.030000000000
 0.030000000000
 0.030000000000
 0.030000000000
 0.030000000000
 0.030000000000
 0.030000000000
 0.008281486667
 0.003879956667
 0.030000000000
 0.030000000000
 0.030000000000
 0.030000000000
 0.030000000000
 0.030000000000
-0.012111016667
-0.015153460000
 0.002889340000
 0.030000000000
 0.030000000000
 0.030000000000
 0.030000000000
 0.026669666667
-0.012992400000
-0.017767900000
-0.014881023333
-0.000587953333
 0.030000000000
 0.030000000000
 0.030000000000
 0.014362776667
-0.010439386667
-0.016503553333
-0.017672263333
-0.016240040000
-0.012011283333
-0.004367853333
 0.030000000000
 0.030000000000
 0.004938703333
-0.010919886667
-0.016620270000
-0.017994963333
-0.017679526667
-0.013527023333
 0.030000000000
 0.030000000000
 0.030000000000
 0.013989903333
-0.007693883333
-0.014442300000
-0.015691930000
-0.005387840000
 0.030000000000
 0.030000000000
 0.030000000000
 0.030000000000
 0.030000000000
 0.030000000000
 0.030000000000
 0.030000000000
 0.030000000000
 0.030000000000
 0.030000000000
 0.030000000000
 0.030000000000
 0.030000000000
 0.030000000000
 0.030000000000
 0.030000000000
 0.030000000000
 0.030000000000
 0.030000000000
 0.030000000000
 0.030000000000
 0.030000000000
 0.030000000000
 0.030000000000
 0.014150573333
-0.007137743333
-0.006548016667
 0.030000000000
 0.030000000000
 0.030000000000
 0.030000000000
 0.030000000000
 0.030000000000
 0.004872936667
-0.009239143333
-0.006906966667
 0.023336400000
 0.030000000000
 0.030000000000
 0.030000000000
 0.030000000000
 0.030000000000
 0.001336260000
-0.012698916667
-0.012718310000
-0.005328666667
 0.004316560000
 0.030000000000
 0.030000000000
 0.030000000000
 0.027670516667
-0.008444466667
-0.016793640000
-0.017362340000
-0.015140866667
 0.030000000000
 0.030000000000
 0.030000000000
 0.030000000000
 0.007100576667
-0.013768006667
-0.015957460000
-0.009292633333
 0.030000000000
 0.030000000000
 0.030000000000
 0.030000000000
 0.030000000000
 0.030000000000
 0.030000000000
 0.030000000000
 0.030000000000
 0.030000000000
 0.030000000000
 0.030000000000
 0.030000000000
 0.030000000000
 0.030000000000
 0.030000000000
 0.030000000000
 0.030000000000
 0.030000000000
 0.030000000000
 0.030000000000
 0.030000000000
 0.030000000000
 0.030000000000
 0.030000000000
 0.030000000000
 0.030000000000
 0.027577470000
 0.030000000000
 0.030000000000
 0.030000000000
 0.030000000000
 0.030000000000
 0.030000000000
 0.030000000000
 0.030000000000
 0.021350690000
 0.030000000000
 0.030000000000
 0.030000000000
 0.030000000000
 0.030000000000
 0.030000000000
 0.030000000000
 0.017931463333
-0.001431213333
 0.011943513333
 0.029680413333
 0.030000000000
 0.030000000000
 0.030000000000
 0.030000000000
 0.030000000000
-0.009178286667
-0.014227443333
-0.010557833333
 0.030000000000
 0.030000000000
 0.030000000000
 0.030000000000
 0.030000000000
-0.003560840000
-0.009483926667
 0.007986960000
 0.030000000000
 0.030000000000
 0.030000000000
 0.030000000000
 0.030000000000
 0.030000000000
 0.030000000000
 0.030000000000
 0.030000000000
 0.030000000000
 0.030000000000
 0.030000000000
 0.030000000000
 0.030000000000
 0.030000000000
 0.030000000000
 0.030000000000
 0.030000000000
 0.030000000000
 0.030000000000
 0.030000000000
 0.030000000000
 0.030000000000
 0.030000000000
 0.030000000000
 0.030000000000
 0.030000000000
 0.030000000000
 0.030000000000
 0.030000000000
 0.030000000000
 0.030000000000
 0.030000000000
 0.030000000000
 0.030000000000
 0.030000000000
 0.030000000000
 0.030000000000
 0.030000000000
 0.030000000000
 0.030000000000
 0.030000000000
 0.030000000000
 0.030000000000
 0.030000000000
 0.030000000000
 0.030000000000
 0.030000000000
 0.030000000000
 0.030000000000
 0.030000000000
 0.030000000000
 0.030000000000
 0.022498533333
-0.002618780000
 0.012037573333
 0.030000000000
 0.030000000000
 0.030000000000
 0.030000000000
 0.030000000000
 0.030000000000
 0.016927660000
 0.030000000000
 0.030000000000
 0.030000000000
 0.030000000000
 0.030000000000
 0.030000000000
 0.030000000000
 0.030000000000
 0.030000000000
 0.030000000000
 0.030000000000
 0.030000000000
 0.030000000000
 0.030000000000
 0.030000000000
 0.030000000000
 0.030000000000
 0.030000000000
 0.030000000000
 0.030000000000
 0.030000000000
 0.030000000000
 0.030000000000
 0.030000000000
 0.030000000000
 0.030000000000
 0.030000000000
 0.030000000000
 0.030000000000
 0.030000000000
 0.030000000000
 0.030000000000
 0.030000000000
 0.030000000000
 0.030000000000
 0.030000000000
 0.030000000000
 0.030000000000
 0.030000000000
 0.030000000000
 0.030000000000
 0.030000000000
 0.030000000000
 0.030000000000
 0.030000000000
 0.030000000000
 0.030000000000
 0.030000000000
 0.030000000000
 0.030000000000
 0.030000000000
 0.030000000000
 0.030000000000
 0.030000000000
 0.030000000000
 0.030000000000
 0.030000000000
 0.030000000000
 0.030000000000
 0.030000000000
 0.030000000000
 0.030000000000
 0.030000000000
 0.030000000000
 0.030000000000
 0.030000000000
 0.030000000000
 0.030000000000
 0.030000000000
 0.030000000000
 0.030000000000
 0.030000000000
 0.030000000000
 0.030000000000
 0.030000000000
 0.030000000000
 0.030000000000
 0.030000000000
 0.030000000000
 0.030000000000
 0.030000000000
 0.030000000000
 0.030000000000
 0.030000000000
 0.030000000000
 0.030000000000
 0.030000000000
 0.030000000000
 0.030000000000
 0.030000000000
 0.030000000000
 0.030000000000
 0.030000000000
 0.030000000000
 0.030000000000
 0.030000000000
 0.030000000000
 0.030000000000
 0.030000000000
 0.030000000000
 0.005216480000
-0.002452983333
 0.000282900000
 0.030000000000
 0.030000000000
 0.030000000000
 0.030000000000
 0.025007213333
-0.009330980000
-0.011521930000
-0.009447760000
 0.006080076667
 0.030000000000
 0.030000000000
 0.030000000000
-0.004219373333
-0.011904400000
-0.012417620000
-0.011881766667
-0.007825153333
 0.011584770000
 0.030000000000
 0.005132393333
-0.002282616667
-0.007056763333
-0.010446886667
-0.012057156667
-0.011663723333
-0.000375546667
 0.030000000000
 0.030000000000
 0.030000000000
 0.030000000000
 0.030000000000
 0.030000000000
 0.030000000000
 0.030000000000
 0.030000000000
 0.030000000000
 0.030000000000
 0.030000000000
 0.030000000000
 0.030000000000
 0.030000000000
 0.030000000000
 0.030000000000
 0.030000000000
 0.030000000000
 0.029160803333
 0.018315466667
 0.024760773333
 0.030000000000
 0.030000000000
 0.030000000000
 0.030000000000
 0.019727946667
-0.002727560000
-0.006311083333
-0.003280170000
 0.030000000000
 0.030000000000
 0.030000000000
 0.030000000000
 0.010748976667
-0.010397870000
-0.011991516667
-0.010870216667
-0.001354646667
 0.030000000000
 0.030000000000
 0.030000000000
-0.002765673333
-0.011965830000
-0.012389990000
-0.012097396667
-0.010085270000
-0.002276360000
 0.030000000000
 0.007755440000
-0.010690820000
-0.012612276667
-0.012490203333
-0.012451096667
-0.012106000000
-0.007706903333
 0.003977400000
-0.003446383333
-0.005426146667
-0.008417633333
-0.010880273333
-0.012186303333
-0.012415650000
-0.003332973333
 0.030000000000
 0.030000000000
 0.030000000000
 0.030000000000
 0.030000000000
 0.030000000000
 0.030000000000
 0.030000000000
 0.030000000000
 0.030000000000
 0.022917073333
 0.001289396667
 0.016304333333
 0.030000000000
 0.030000000000
 0.030000000000
 0.030000000000
 0.019483303333
-0.009495553333
-0.012463663333
-0.006160786667
 0.030000000000
 0.030000000000
 0.030000000000
 0.030000000000
 0.030000000000
-0.009806363333
-0.013881406667
-0.012702376667
-0.001504763333
 0.030000000000
 0.030000000000
 0.030000000000
 0.026185700000
-0.009961003333
-0.013308406667
-0.013131683333
-0.011908683333
-0.006013356667
 0.011091583333
 0.030000000000
 0.003615266667
-0.011954803333
-0.013004836667
-0.012611973333
-0.012526800000
-0.012480786667
-0.011533006667
 0.016930696667
-0.009537096667
-0.013302950000
-0.013188070000
-0.012717116667
-0.012609963333
-0.012835263333
-0.011454756667
-0.001178016667
-0.005167253333
-0.007638090000
-0.010224206667
-0.011798516667
-0.012580686667
-0.012877240000
-0.007460736667
 0.030000000000
 0.030000000000
 0.030000000000
 0.030000000000
 0.030000000000
 0.030000000000
 0.030000000000
 0.030000000000
 0.030000000000
 0.030000000000
 0.030000000000
 0.015570663333
 0.030000000000
 0.030000000000
 0.030000000000
 0.030000000000
 0.030000000000
-0.000279216667
-0.011280500000
-0.012063670000
 0.008170890000
 0.030000000000
 0.030000000000
 0.030000000000
 0.030000000000
-0.002751940000
-0.014621220000
-0.014643766667
-0.010132573333
 0.015971253333
 0.030000000000
 0.030000000000
 0.030000000000
-0.005000083333
-0.013993806667
-0.014028790000
-0.013047353333
-0.009951660000
 0.000644960000
 0.026478780000
 0.030000000000
-0.008972920000
-0.013386820000
-0.013434163333
-0.012995033333
-0.012644430000
-0.012264973333
-0.011577313333
 0.013950123333
-0.003280693333
-0.009952316667
-0.012657820000
-0.013067660000
-0.012956733333
-0.013118933333
-0.012968706667
 0.030000000000
 0.030000000000
 0.009248176667
-0.007634860000
-0.012286930000
-0.013215640000
-0.013446770000
-0.011359353333
 0.030000000000
 0.030000000000
 0.030000000000
 0.030000000000
 0.030000000000
 0.030000000000
 0.030000000000
 0.030000000000
 0.030000000000
 0.030000000000
 0.030000000000
 0.030000000000
 0.030000000000
 0.030000000000
 0.030000000000
 0.030000000000
 0.030000000000
-0.001348563333
-0.004946966667
-0.003275776667
 0.030000000000
 0.030000000000
 0.030000000000
 0.030000000000
 0.030000000000
-0.009943926667
-0.014303300000
-0.013372796667
-0.001331266667
 0.030000000000
 0.030000000000
 0.030000000000
 0.030000000000
-0.004270786667
-0.010599410000
-0.013088020000
-0.011931856667
-0.003733993333
 0.018598166667
 0.030000000000
 0.030000000000
 0.012297466667
-0.001497096667
-0.010309226667
-0.012924183333
-0.012522020000
-0.010875190000
-0.009237806667
 0.030000000000
 0.030000000000
 0.025747106667
-0.003703076667
-0.012169300000
-0.013458213333
-0.013490783333
-0.013576663333
 0.030000000000
 0.030000000000
 0.030000000000
 0.020984010000
-0.009171766667
-0.013668406667
-0.013833686667
-0.012555056667
 0.030000000000
 0.030000000000
 0.030000000000
 0.030000000000
 0.030000000000
 0.030000000000
 0.030000000000
 0.030000000000
 0.030000000000
 0.030000000000
 0.030000000000
 0.030000000000
 0.030000000000
 0.030000000000
 0.030000000000
 0.030000000000
 0.030000000000
 0.015389120000
 0.017544470000
 0.020412720000
 0.030000000000
 0.030000000000
 0.030000000000
 0.030000000000
 0.029620610000
 0.014302383333
 0.000546780000
-0.005936483333
 0.024217636667
 0.030000000000
 0.030000000000
 0.030000000000
 0.030000000000
 0.030000000000
 0.030000000000
 0.003699296667
-0.005850723333
 0.015293503333
 0.030000000000
 0.030000000000
 0.030000000000
 0.030000000000
 0.030000000000
 0.029692570000
-0.006728193333
-0.010839033333
-0.006698426667
-0.002099723333
 0.030000000000
 0.030000000000
 0.030000000000
 0.030000000000
-0.001705546667
-0.012964533333
-0.013673293333
-0.012988620000
 0.030000000000
 0.030000000000
 0.030000000000
 0.030000000000
 0.010087896667
-0.012277840000
-0.013016930000
-0.008229700000
 0.030000000000
 0.030000000000
 0.030000000000
 0.030000000000
 0.030000000000
 0.030000000000
 0.030000000000
 0.030000000000
 0.030000000000
 0.030000000000
 0.030000000000
 0.030000000000
 0.030000000000
 0.030000000000
 0.030000000000
 0.030000000000
 0.030000000000
 0.030000000000
 0.030000000000
 0.030000000000
 0.030000000000
 0.030000000000
 0.030000000000
 0.030000000000
 0.030000000000
 0.030000000000
 0.030000000000
 0.030000000000
 0.030000000000
 0.030000000000
 0.030000000000
 0.030000000000
 0.030000000000
 0.030000000000
 0.030000000000
 0.030000000000
 0.021789280000
 0.030000000000
 0.030000000000
 0.030000000000
 0.030000000000
 0.030000000000
 0.030000000000
 0.030000000000
 0.030000000000
-0.003918586667
 0.000499866667
 0.010530500000
 0.030000000000
 0.030000000000
 0.030000000000
 0.030000000000
 0.030000000000
-0.006540043333
-0.012141500000
-0.007764160000
 0.030000000000
 0.030000000000
 0.030000000000
 0.030000000000
 0.030000000000
-0.003392993333
-0.007251720000
 0.014389673333
 0.030000000000
 0.030000000000
 0.030000000000
 0.030000000000
 0.030000000000
 0.030000000000
 0.030000000000
 0.030000000000
 0.030000000000
 0.030000000000
 0.030000000000
 0.030000000000
 0.030000000000
 0.030000000000
 0.030000000000
 0.030000000000
 0.030000000000
 0.030000000000
 0.030000000000
 0.030000000000
 0.030000000000
 0.030000000000
 0.030000000000
 0.030000000000
 0.030000000000
 0.030000000000
 0.030000000000
 0.030000000000
 0.030000000000
 0.030000000000
 0.030000000000
 0.030000000000
 0.030000000000
 0.030000000000
 0.030000000000
 0.030000000000
 0.030000000000
 0.030000000000
 0.030000000000
 0.030000000000
 0.030000000000
 0.030000000000
 0.030000000000
 0.030000000000
 0.030000000000
 0.023501520000
 0.006971286667
 0.022290980000
 0.030000000000
 0.030000000000
 0.030000000000
 0.030000000000
 0.030000000000
 0.023602046667
-0.001089790000
 0.030000000000
 0.030000000000
 0.030000000000
 0.030000000000
 0.030000000000
 0.030000000000
 0.030000000000
 0.022893626667
 0.030000000000
 0.000000000000
 0.000000000000
 0.000000000000
 0.000000000000
 0.000000000000
 0.000000000000
 0.000000000000
 0.000000000000
 0.000000000000
 0.000000000000
 0.000000000000
 0.000000000000
 0.000000000000
 0.000000000000
 0.000000000000
 0.000000000000
 0.000000000000
 0.000000000000
 0.000000000000
 0.000000000000
 0.000000000000
 0.000000000000
 0.000000000000
 0.000000000000
 0.000000000000
 0.000000000000
 0.000000000000
 0.000000000000
 0.000000000000
 0.000000000000
 0.000000000000
 0.000000000000
 0.000000000000
 0.000000000000
 0.000000000000
 0.000000000000
 0.000000000000
 0.000000000000
 0.000000000000
 0.000000000000
 0.000000000000
 0.000000000000
 0.000000000000
 0.000000000000
 0.000000000000
 0.000000000000
 0.000000000000
 0.000000000000
 0.000000000000
 0.000000000000
 0.000000000000
 0.000000000000
 0.000000000000
 0.000000000000
 0.000000000000
 0.000000000000
 0.000000000000
 0.000000000000
 0.000000000000
 0.000000000000
 0.000000000000
 0.000000000000
 0.000000000000
 0.000000000000
 0.000000000000
 0.000000000000
 0.000000000000
 0.000000000000
 0.000000000000
 0.000000000000
 0.000000000000
 0.000000000000
 0.000000000000
 0.000000000000
 0.000000000000
 0.000000000000
 0.000000000000
 0.000000000000
 0.000000000000
 0.000000000000
 0.000000000000
 0.000000000000
 0.000000000000
 0.000000000000
 0.000000000000
 0.000000000000
 0.000000000000
 0.000000000000
 0.000000000000
 0.000000000000
 0.000000000000
 0.000000000000
 0.000000000000
 0.000000000000
 0.000000000000
 0.000000000000
 0.000000000000
 0.000000000000
 0.000000000000
 0.000000000000
 0.000000000000
 0.000000000000
 0.000000000000
 0.000000000000
 0.000000000000
 0.000000000000
 0.000000000000
 0.000000000000
 0.000000000000
 0.000000000000
 0.000000000000
 0.000000000000
 0.000000000000
 0.000000000000
 0.000000000000
 0.000000000000
 0.000000000000
 0.000000000000
 0.000000000000
 0.000000000000
 0.000000000000
 0.000000000000
 0.000000000000
 0.000000000000
 0.000000000000
 0.000000000000
 0.000000000000
 0.000000000000
 0.000000000000
 0.000000000000
 0.000000000000
 0.000000000000
 0.000000000000
 0.000000000000
 0.000000000000
 0.000000000000
 0.000000000000
 0.000000000000
 0.000000000000
 0.000000000000
 0.000000000000
 0.000000000000
 0.000000000000
 0.000000000000
 0.000000000000
 0.000000000000
 0.000000000000
 0.000000000000
 0.000000000000
 0.000000000000
 0.000000000000
 0.000000000000
 0.000000000000
 0.000000000000
 0.000000000000
 0.000000000000
 0.000000000000
 0.000000000000
 0.000000000000
 0.000000000000
 0.000000000000
 0.000000000000
 0.000000000000
 0.000000000000
 0.000000000000
 0.000000000000
 0.000000000000
 0.000000000000
 0.000000000000
 0.000000000000
 0.000000000000
 0.000000000000
 0.000000000000
 0.000000000000
 0.000000000000
 0.000000000000
 0.000000000000
 0.000000000000
 0.000000000000
 0.000000000000
 0.000000000000
 0.000000000000
 0.000000000000
 0.000000000000
 0.000000000000
 0.000000000000
 0.000000000000
 0.000000000000
 0.000000000000
 0.000000000000
 0.000000000000
 0.000000000000
 0.000000000000
 0.000000000000
 0.000000000000
 0.000000000000
 0.000000000000
 0.000000000000
 0.000000000000
 0.000000000000
 0.000000000000
 0.000000000000
 0.000000000000
 0.000000000000
 0.000000000000
 0.000000000000
 0.000000000000
 0.000000000000
 0.000000000000
 0.000000000000
 0.000000000000
 0.000000000000
 0.000000000000
 0.000000000000
 0.000000000000
 0.000000000000
 0.000000000000
 0.000000000000
 0.000000000000
 0.000000000000
 0.000000000000
 0.000000000000
 0.000000000000
 0.000000000000
 0.000000000000
 0.000000000000
 0.000000000000
 0.000000000000
 0.000000000000
 0.000000000000
 0.000000000000
 0.000000000000
 0.000000000000
 0.000000000000
 0.000000000000
 0.000000000000
 0.000000000000
 0.000000000000
 0.000000000000
 0.000000000000
 0.000000000000
 0.000000000000
 0.000000000000
 0.000000000000
 0.000000000000
 0.000000000000
 0.000000000000
 0.000000000000
 0.000000000000
 0.000000000000
 0.000000000000
 0.000000000000
 0.000000000000
 0.000000000000
 0.000000000000
 0.000000000000
 0.000000000000
 0.000000000000
 0.000000000000
 0.000000000000
 0.000000000000
 0.000000000000
 0.000000000000
 0.000000000000
 0.000000000000
 0.000000000000
 0.000000000000
 0.000000000000
 0.000000000000
 0.000000000000
 0.000000000000
 0.000000000000
 0.000000000000
 0.000000000000
 0.000000000000
 0.000000000000
 0.000000000000
 0.000000000000
 0.000000000000
 0.000000000000
 0.000000000000
 0.000000000000
 0.000000000000
 0.000000000000
 0.000000000000
 0.000000000000
 0.000000000000
 0.000000000000
 0.000000000000
 0.000000000000
 0.000000000000
 0.000000000000
 0.000000000000
 0.000000000000
 0.000000000000
 0.000000000000
 0.000000000000
 0.000000000000
 0.000000000000
 0.000000000000
 0.000000000000
 0.000000000000
 0.000000000000
 0.000000000000
 0.000000000000
 0.000000000000
 0.000000000000
 0.000000000000
 0.000000000000
 0.000000000000
 0.000000000000
 0.000000000000
 0.000000000000
 0.000000000000
 0.000000000000
 0.000000000000
 0.000000000000
 0.000000000000
 0.000000000000
 0.000000000000
 0.000000000000
 0.000000000000
 0.000000000000
 0.000000000000
 0.000000000000
 0.000000000000
 0.000000000000
 0.000000000000
 0.000000000000
 0.000000000000
 0.000000000000
 0.000000000000
 0.000000000000
 0.000000000000
 0.000000000000
 0.000000000000
 0.000000000000
 0.000000000000
 0.000000000000
 0.000000000000
 0.000000000000
 0.000000000000
 0.000000000000
 0.000000000000
 0.000000000000
 0.000000000000
 0.000000000000
 0.000000000000
 0.000000000000
 0.000000000000
 0.000000000000
 0.000000000000
 0.000000000000
 0.000000000000
 0.000000000000
 0.000000000000
 0.000000000000
 0.000000000000
 0.000000000000
 0.000000000000
 0.000000000000
 0.000000000000
 0.000000000000
 0.000000000000
 0.000000000000
 0.000000000000
 0.000000000000
 0.000000000000
 0.000000000000
 0.000000000000
 0.000000000000
 0.000000000000
 0.000000000000
 0.000000000000
 0.000000000000
 0.000000000000
 0.000000000000
 0.000000000000
 0.000000000000
 0.000000000000
 0.000000000000
 0.000000000000
 0.000000000000
 0.000000000000
 0.000000000000
 0.000000000000
 0.000000000000
 0.000000000000
 0.000000000000
 0.000000000000
 0.000000000000
 0.000000000000
 0.000000000000
 0.000000000000
 0.000000000000
 0.000000000000
 0.000000000000
 0.000000000000
 0.000000000000
 0.000000000000
 0.000000000000
 0.000000000000
 0.000000000000
 0.000000000000
 0.000000000000
 0.000000000000
 0.000000000000
 0.000000000000
 0.000000000000
 0.000000000000
 0.000000000000
 0.000000000000
 0.000000000000
 0.000000000000
 0.000000000000
 0.000000000000
 0.000000000000
 0.000000000000
 0.000000000000
 0.000000000000
 0.000000000000
 0.000000000000
 0.000000000000
 0.000000000000
 0.000000000000
 0.000000000000
 0.000000000000
 0.000000000000
 0.000000000000
 0.000000000000
 0.000000000000
 0.000000000000
 0.000000000000
 0.000000000000
 0.000000000000
 0.000000000000
 0.000000000000
 0.000000000000
 0.000000000000
 0.000000000000
 0.000000000000
 0.000000000000
 0.000000000000
 0.000000000000
 0.000000000000
 0.000000000000
 0.000000000000
 0.000000000000
 0.000000000000
 0.000000000000
 0.000000000000
 0.000000000000
 0.000000000000
 0.000000000000
 0.000000000000
 0.000000000000
 0.000000000000
 0.000000000000
 0.000000000000
 0.000000000000
 0.000000000000
 0.000000000000
 0.000000000000
 0.000000000000
 0.000000000000
 0.000000000000
 0.000000000000
 0.000000000000
 0.000000000000
 0.000000000000
 0.000000000000
 0.000000000000
 0.000000000000
 0.000000000000
 0.000000000000
 0.000000000000
 0.000000000000
 0.000000000000
 0.000000000000
 0.000000000000
 0.000000000000
 0.000000000000
 0.000000000000
 0.000000000000
 0.000000000000
 0.000000000000
 0.000000000000
 0.000000000000
 0.000000000000
 0.000000000000
 0.000000000000
 0.000000000000
 0.000000000000
 0.000000000000
 0.000000000000
 0.000000000000
 0.000000000000
 0.000000000000
 0.000000000000
 0.000000000000
 0.000000000000
 0.000000000000
 0.000000000000
 0.000000000000
 0.000000000000
 0.000000000000
 0.000000000000
 0.000000000000
 0.000000000000
 0.026666666667
 0.251488256499
 0.000000000000
