 0.003986320000
 0.000270943333
 0.004280620000
 0.011900556667
 0.020231150000
 0.014595430000
 0.001046973333
-0.003315223333
-0.008356766667
-0.016714146667
-0.000468856667
 0.011230390000
 0.009932473333
 0.004530303333
-0.000298870000
-0.001534066667
-0.003605990000
-0.016241066667
 0.001832426667
 0.013195013333
 0.009008700000
 0.003853806667
 0.000897306667
 0.000244660000
 0.002147113333
-0.008831563333
 0.000175663333
 0.007353346667
 0.005945180000
 0.003138416667
 0.001485943333
 0.001110690000
-0.024293580000
-0.016581146667
-0.005964270000
 0.000431426667
 0.002061353333
 0.001746230000
 0.001307456667
 0.001284623333
-0.030000000000
-0.025674226667
-0.010321876667
-0.003297133333
-0.000462196667
 0.000492576667
 0.000830753333
 0.001098953333
-0.030000000000
-0.020968453333
-0.010008923333
-0.004383450000
-0.001687016667
-0.000371216667
 0.000349473333
 0.000825550000
-0.015846036667
-0.011878386667
-0.007263883333
-0.004238340000
-0.002387050000
-0.001087736667
-0.000100313333
 0.000611846667
 0.000146683333
-0.008758890000
 0.000717353333
 0.011753903333
 0.011133953333
-0.006763003333
-0.024892370000
-0.019365680000
-0.030000000000
-0.030000000000
-0.007961333333
 0.030000000000
 0.013417196667
-0.001818326667
-0.009854490000
-0.009063900000
-0.030000000000
-0.030000000000
 0.030000000000
 0.030000000000
 0.020289430000
 0.003690913333
-0.002007910000
-0.002948070000
 0.030000000000
-0.023686926667
 0.013427460000
 0.028659566667
 0.012723643333
 0.004156300000
 0.000682856667
-0.000340336667
-0.030000000000
-0.030000000000
-0.007557303333
 0.003455063333
 0.004098460000
 0.002360856667
 0.001090510000
 0.000561036667
-0.030000000000
-0.030000000000
-0.015604670000
-0.003765133333
-0.000048443333
 0.000792040000
 0.000827980000
 0.000791106667
-0.030000000000
-0.030000000000
-0.014277683333
-0.005235956667
-0.001585863333
-0.000092746667
 0.000528256667
 0.000825916667
-0.026520036667
-0.017813166667
-0.009568836667
-0.004737600000
-0.002086496667
-0.000573530000
 0.000331813333
 0.000875100000
 0.030000000000
 0.030000000000
 0.014784793333
 0.010744880000
-0.006948650000
-0.030000000000
-0.030000000000
-0.030000000000
-0.030000000000
-0.030000000000
-0.017330913333
 0.030000000000
 0.012911800000
-0.012736376667
-0.024579753333
-0.018460913333
-0.030000000000
-0.030000000000
 0.030000000000
 0.030000000000
 0.027891760000
 0.002274776667
-0.005175633333
-0.006084040000
 0.030000000000
-0.030000000000
 0.030000000000
 0.030000000000
 0.016687343333
 0.004417593333
-0.000161686667
-0.001749863333
-0.030000000000
-0.030000000000
-0.006826033333
 0.005658706667
 0.005350933333
 0.002745150000
 0.000878433333
-0.000142596667
-0.030000000000
-0.030000000000
-0.015642330000
-0.003054993333
 0.000666293333
 0.001247893333
 0.000935773333
 0.000540426667
-0.030000000000
-0.030000000000
-0.013949976667
-0.004508166667
-0.000814236667
 0.000532483333
 0.000896873333
 0.000916246667
-0.025747803333
-0.017209030000
-0.008737030000
-0.003741093333
-0.001054970000
 0.000314420000
 0.000955633333
 0.001224046667
 0.030000000000
 0.030000000000
 0.025931873333
 0.009235610000
-0.010349680000
-0.030000000000
-0.030000000000
-0.030000000000
-0.030000000000
-0.030000000000
-0.012676456667
 0.022449060000
 0.006528480000
-0.013889663333
-0.025830853333
-0.019309330000
-0.030000000000
-0.030000000000
 0.004346370000
 0.030000000000
 0.015385043333
 0.001418226667
-0.005205403333
-0.007120083333
 0.004265386667
-0.027550900000
 0.003358406667
 0.019701830000
 0.010954150000
 0.003745880000
-0.000450553333
-0.002893906667
-0.026223670000
-0.020014800000
-0.005209820000
 0.003794863333
 0.004669256667
 0.002813883333
 0.000775446667
-0.000904596667
-0.030000000000
-0.028816973333
-0.009591636667
-0.001265023333
 0.001648036667
 0.001939796667
 0.001220826667
 0.000301000000
-0.030000000000
-0.021173503333
-0.008366816667
-0.002028556667
 0.000762993333
 0.001623593333
 0.001524013333
 0.001098113333
-0.011714936667
-0.009225886667
-0.004539590000
-0.001166046667
 0.000772923333
 0.001623770000
 0.001792976667
 0.001657920000
 0.025225583333
 0.027467663333
 0.016151413333
 0.013411920000
 0.010854516667
-0.000921140000
-0.010647590000
-0.007590506667
 0.000264213333
-0.004910830000
 0.003680116667
 0.011916743333
 0.011318216667
 0.004400330000
-0.003929500000
-0.008385370000
-0.008056246667
-0.016069683333
-0.001085896667
 0.010479820000
 0.009945066667
 0.005113803333
-0.000749890000
-0.006380783333
-0.002976446667
-0.008523580000
-0.000622843333
 0.006673643333
 0.006980163333
 0.004086906667
 0.000146536667
-0.004283056667
-0.007719236667
-0.007573680000
-0.002032346667
 0.002946503333
 0.004442843333
 0.003345013333
 0.000965700000
-0.001927326667
-0.013556960000
-0.009279843333
-0.003140150000
 0.001434706667
 0.003504610000
 0.003331340000
 0.001891586667
 0.000082566667
-0.008685766667
-0.006273673333
-0.001892766667
 0.001654423333
 0.003517500000
 0.003592790000
 0.002630653333
 0.001450763333
 0.000891930000
-0.000120110000
 0.000987820000
 0.002538143333
 0.003578190000
 0.003627046667
 0.003006766667
 0.002250413333
 0.012539966667
 0.012721596667
 0.014837686667
 0.024417026667
 0.030000000000
 0.030000000000
 0.030000000000
 0.021380280000
 0.006330336667
 0.005790683333
 0.009411736667
 0.017250603333
 0.028744530000
 0.030000000000
 0.018973780000
-0.000781253333
 0.002010296667
 0.000789816667
 0.004528850000
 0.009944773333
 0.013584036667
 0.012365300000
 0.004578023333
-0.008011396667
 0.000229570000
-0.000770623333
 0.002029143333
 0.005737993333
 0.007354686667
 0.005759326667
 0.000939616667
-0.007178383333
-0.001856570000
-0.001756316667
 0.000888240000
 0.004341136667
 0.006062613333
 0.004905940000
 0.001540243333
-0.003326796667
-0.002709850000
-0.001817383333
 0.001148550000
 0.005386713333
 0.007764863333
 0.006442026667
 0.003337833333
 0.000068560000
 0.000991210000
 0.000974933333
 0.003012156667
 0.007125326667
 0.009568823333
 0.007818356667
 0.004698410000
 0.002158620000
 0.009929610000
 0.007338023333
 0.006140436667
 0.007452006667
 0.008582030000
 0.007206850000
 0.004916066667
 0.003113813333
 0.010397970000
 0.010529396667
 0.015795523333
 0.030000000000
 0.030000000000
 0.030000000000
 0.030000000000
 0.013549403333
 0.006566026667
 0.007069210000
 0.011358866667
 0.023572526667
 0.030000000000
 0.030000000000
 0.030000000000
-0.004604430000
 0.003396003333
 0.003601920000
 0.006334530000
 0.011596953333
 0.017639656667
 0.017290703333
 0.005684310000
-0.013377376667
 0.001082113333
 0.001043803333
 0.002941716667
 0.006127330000
 0.008264153333
 0.006777363333
 0.000996043333
-0.010600706667
-0.000628790000
-0.000734936667
 0.001385713333
 0.006063480000
 0.009190323333
 0.007348320000
 0.002584423333
-0.004106790000
-0.000583920000
-0.001158610000
 0.001983070000
 0.012950320000
 0.020128133333
 0.013485676667
 0.005962583333
 0.000747970000
 0.003976280000
 0.001778226667
 0.004421296667
 0.021606873333
 0.030000000000
 0.018942933333
 0.008297573333
 0.003381466667
 0.016869056667
 0.011345993333
 0.008151840000
 0.015708693333
 0.021957133333
 0.014682036667
 0.007742220000
 0.004239636667
 0.008420553333
 0.008079800000
 0.013194060000
 0.030000000000
 0.030000000000
 0.030000000000
 0.021899160000
-0.030000000000
 0.004494436667
 0.005332713333
 0.009386130000
 0.020183876667
 0.030000000000
 0.030000000000
-0.010678666667
-0.020658830000
 0.001925333333
 0.002519113333
 0.004876986667
 0.009224263333
 0.013342776667
 0.009076040000
-0.003919440000
-0.009672143333
-0.000121786667
-0.000305270000
 0.001036680000
 0.004142756667
 0.006500373333
 0.004953443333
 0.000399513333
-0.006999393333
-0.002039436667
-0.003903880000
-0.003215473333
 0.004222196667
 0.011196310000
 0.009070780000
 0.003986556667
-0.001769816667
-0.002632703333
-0.008409210000
-0.009492986667
 0.024563380000
 0.030000000000
 0.024621786667
 0.008822953333
 0.002532733333
 0.001933046667
-0.008676370000
-0.014960056667
 0.030000000000
 0.030000000000
 0.030000000000
 0.012125516667
 0.004826626667
 0.017287403333
 0.005590080000
-0.006903656667
 0.025922276667
 0.030000000000
 0.026399066667
 0.010189310000
 0.005227230000
 0.030000000000
 0.030000000000
 0.030000000000
 0.030000000000
 0.030000000000
 0.030000000000
 0.030000000000
 0.030000000000
 0.030000000000
 0.030000000000
 0.030000000000
 0.030000000000
 0.030000000000
 0.030000000000
 0.030000000000
 0.030000000000
 0.030000000000
 0.030000000000
 0.030000000000
 0.030000000000
 0.030000000000
 0.030000000000
 0.030000000000
 0.030000000000
 0.030000000000
 0.030000000000
 0.030000000000
 0.030000000000
 0.030000000000
 0.030000000000
 0.030000000000
 0.030000000000
 0.030000000000
 0.030000000000
 0.030000000000
 0.030000000000
 0.030000000000
 0.030000000000
 0.030000000000
 0.030000000000
 0.030000000000
 0.030000000000
 0.030000000000
 0.030000000000
 0.030000000000
 0.030000000000
 0.030000000000
 0.030000000000
 0.030000000000
 0.030000000000
 0.030000000000
 0.030000000000
 0.029569433333
 0.030000000000
 0.030000000000
 0.030000000000
 0.030000000000
 0.030000000000
 0.030000000000
 0.030000000000
 0.030000000000
 0.030000000000
 0.030000000000
 0.030000000000
 0.030000000000
 0.030000000000
 0.030000000000
 0.030000000000
 0.030000000000
 0.030000000000
 0.030000000000
 0.030000000000
 0.030000000000
 0.030000000000
 0.030000000000
 0.030000000000
 0.030000000000
 0.030000000000
 0.030000000000
 0.030000000000
 0.030000000000
 0.030000000000
 0.030000000000
 0.030000000000
 0.030000000000
 0.030000000000
 0.030000000000
 0.030000000000
 0.030000000000
 0.030000000000
 0.030000000000
 0.030000000000
 0.030000000000
 0.030000000000
 0.030000000000
 0.030000000000
 0.030000000000
 0.030000000000
 0.030000000000
 0.030000000000
 0.030000000000
 0.030000000000
 0.030000000000
 0.030000000000
 0.030000000000
 0.030000000000
 0.030000000000
 0.030000000000
 0.030000000000
 0.030000000000
 0.030000000000
 0.030000000000
 0.030000000000
 0.030000000000
 0.030000000000
 0.030000000000
 0.030000000000
 0.012047733333
 0.030000000000
 0.030000000000
 0.030000000000
 0.030000000000
 0.030000000000
 0.030000000000
 0.030000000000
 0.015744270000
 0.030000000000
 0.030000000000
 0.030000000000
 0.030000000000
 0.030000000000
 0.030000000000
 0.030000000000
 0.030000000000
 0.030000000000
 0.030000000000
 0.030000000000
 0.030000000000
 0.030000000000
 0.030000000000
 0.030000000000
 0.030000000000
 0.030000000000
 0.030000000000
 0.030000000000
 0.030000000000
 0.030000000000
 0.030000000000
 0.030000000000
 0.030000000000
 0.030000000000
 0.030000000000
 0.030000000000
 0.030000000000
 0.030000000000
 0.030000000000
 0.030000000000
 0.030000000000
 0.030000000000
 0.030000000000
 0.030000000000
 0.030000000000
 0.030000000000
 0.030000000000
 0.030000000000
 0.030000000000
 0.030000000000
 0.030000000000
 0.030000000000
 0.030000000000
 0.030000000000
 0.030000000000
 0.030000000000
 0.003592470000
 0.030000000000
 0.030000000000
 0.030000000000
 0.030000000000
 0.030000000000
 0.030000000000
 0.030000000000
-0.011301236667
 0.005091893333
 0.030000000000
 0.030000000000
 0.030000000000
 0.030000000000
 0.030000000000
 0.027426560000
-0.004323610000
 0.004930223333
 0.030000000000
 0.030000000000
 0.030000000000
 0.030000000000
 0.030000000000
 0.030000000000
 0.030000000000
 0.030000000000
 0.030000000000
 0.030000000000
 0.030000000000
 0.030000000000
 0.030000000000
 0.030000000000
 0.030000000000
 0.030000000000
 0.030000000000
 0.030000000000
 0.030000000000
 0.030000000000
 0.030000000000
 0.030000000000
 0.030000000000
 0.030000000000
 0.030000000000
 0.030000000000
 0.030000000000
 0.030000000000
 0.030000000000
 0.030000000000
 0.030000000000
 0.030000000000
 0.030000000000
 0.030000000000
 0.030000000000
 0.030000000000
 0.030000000000
 0.030000000000
 0.030000000000
 0.030000000000
 0.030000000000
 0.030000000000
 0.030000000000
 0.030000000000
 0.030000000000
 0.030000000000
-0.008769180000
-0.009029053333
 0.013352513333
 0.030000000000
 0.030000000000
 0.030000000000
 0.030000000000
 0.015102820000
-0.017219053333
-0.014018580000
 0.030000000000
 0.030000000000
 0.030000000000
 0.030000000000
 0.030000000000
 0.013903446667
-0.012302126667
-0.004095756667
 0.030000000000
 0.030000000000
 0.030000000000
 0.030000000000
 0.030000000000
 0.030000000000
 0.030000000000
 0.030000000000
 0.030000000000
 0.030000000000
 0.030000000000
 0.030000000000
 0.030000000000
 0.030000000000
 0.030000000000
 0.030000000000
 0.030000000000
 0.030000000000
 0.030000000000
 0.030000000000
 0.030000000000
 0.030000000000
 0.030000000000
 0.030000000000
 0.030000000000
 0.030000000000
 0.030000000000
 0.030000000000
 0.030000000000
 0.030000000000
 0.030000000000
 0.030000000000
 0.030000000000
 0.030000000000
 0.030000000000
 0.030000000000
 0.030000000000
 0.030000000000
 0.030000000000
 0.030000000000
 0.030000000000
 0.030000000000
 0.030000000000
 0.030000000000
 0.030000000000
 0.030000000000
-0.002814690000
-0.004193480000
 0.024420030000
 0.030000000000
 0.030000000000
 0.030000000000
 0.030000000000
 0.030000000000
-0.009078403333
-0.015325113333
 0.009997856667
 0.030000000000
 0.030000000000
 0.030000000000
 0.030000000000
 0.030000000000
-0.003280296667
-0.008916503333
 0.030000000000
 0.030000000000
 0.030000000000
 0.030000000000
 0.030000000000
 0.030000000000
 0.030000000000
 0.030000000000
 0.030000000000
 0.030000000000
 0.030000000000
 0.030000000000
 0.030000000000
 0.030000000000
 0.030000000000
 0.030000000000
 0.030000000000
 0.030000000000
 0.030000000000
 0.030000000000
 0.030000000000
 0.030000000000
 0.030000000000
 0.030000000000
 0.030000000000
 0.030000000000
 0.030000000000
 0.030000000000
 0.030000000000
 0.030000000000
 0.030000000000
 0.030000000000
 0.030000000000
 0.030000000000
 0.030000000000
 0.030000000000
 0.030000000000
 0.030000000000
 0.030000000000
 0.030000000000
 0.030000000000
 0.030000000000
 0.030000000000
 0.030000000000
 0.030000000000
 0.030000000000
 0.030000000000
 0.030000000000
 0.030000000000
 0.030000000000
 0.030000000000
 0.030000000000
 0.030000000000
 0.030000000000
 0.030000000000
 0.004742283333
 0.009359473333
 0.030000000000
 0.030000000000
 0.030000000000
 0.030000000000
 0.030000000000
 0.030000000000
 0.005316853333
 0.019822800000
 0.030000000000
 0.030000000000
 0.030000000000
 0.030000000000
 0.030000000000
 0.030000000000
 0.030000000000
 0.030000000000
 0.030000000000
 0.030000000000
 0.030000000000
 0.030000000000
 0.030000000000
 0.030000000000
 0.030000000000
 0.030000000000
 0.030000000000
 0.030000000000
 0.030000000000
 0.030000000000
 0.030000000000
 0.030000000000
 0.030000000000
 0.030000000000
 0.030000000000
 0.030000000000
 0.030000000000
 0.030000000000
 0.030000000000
 0.030000000000
 0.030000000000
 0.030000000000
 0.030000000000
 0.030000000000
 0.030000000000
 0.030000000000
 0.030000000000
 0.030000000000
 0.030000000000
 0.030000000000
 0.030000000000
 0.030000000000
 0.030000000000
 0.030000000000
 0.030000000000
 0.030000000000
 0.030000000000
 0.030000000000
 0.030000000000
 0.030000000000
 0.030000000000
 0.030000000000
 0.030000000000
 0.030000000000
 0.030000000000
 0.030000000000
 0.030000000000
 0.030000000000
 0.030000000000
 0.030000000000
 0.030000000000
 0.030000000000
 0.030000000000
 0.018727453333
 0.030000000000
 0.030000000000
 0.030000000000
 0.030000000000
 0.030000000000
 0.030000000000
 0.030000000000
 0.030000000000
 0.030000000000
 0.030000000000
 0.030000000000
 0.030000000000
 0.030000000000
 0.030000000000
 0.030000000000
 0.030000000000
 0.030000000000
 0.030000000000
 0.030000000000
 0.030000000000
 0.030000000000
 0.030000000000
 0.030000000000
 0.030000000000
 0.030000000000
 0.030000000000
 0.030000000000
 0.030000000000
 0.030000000000
 0.030000000000
 0.030000000000
 0.030000000000
 0.030000000000
 0.030000000000
 0.030000000000
 0.030000000000
 0.030000000000
 0.030000000000
 0.030000000000
 0.030000000000
 0.030000000000
 0.030000000000
 0.030000000000
 0.030000000000
 0.030000000000
 0.030000000000
 0.030000000000
 0.030000000000
 0.030000000000
 0.030000000000
 0.030000000000
 0.030000000000
 0.030000000000
 0.030000000000
 0.030000000000
 0.030000000000
 0.030000000000
 0.030000000000
 0.030000000000
 0.030000000000
 0.030000000000
 0.030000000000
 0.030000000000
 0.030000000000
 0.030000000000
 0.030000000000
 0.030000000000
 0.030000000000
 0.030000000000
 0.030000000000
 0.030000000000
 0.030000000000
 0.030000000000
 0.030000000000
 0.030000000000
 0.030000000000
 0.030000000000
 0.030000000000
 0.030000000000
 0.030000000000
 0.030000000000
 0.030000000000
 0.030000000000
 0.030000000000
 0.030000000000
 0.030000000000
 0.030000000000
 0.030000000000
 0.030000000000
 0.030000000000
 0.030000000000
 0.030000000000
 0.030000000000
 0.030000000000
 0.030000000000
 0.030000000000
 0.030000000000
 0.030000000000
 0.030000000000
 0.030000000000
 0.029345963333
 0.030000000000
 0.030000000000
 0.030000000000
 0.030000000000
 0.030000000000
 0.030000000000
 0.030000000000
 0.003381313333
 0.030000000000
 0.030000000000
 0.030000000000
 0.030000000000
 0.030000000000
 0.030000000000
 0.030000000000
-0.006047190000
 0.015649083333
 0.030000000000
 0.030000000000
 0.030000000000
 0.030000000000
 0.030000000000
 0.030000000000
 0.018994690000
 0.001966913333
 0.029922693333
 0.030000000000
 0.030000000000
 0.030000000000
 0.030000000000
 0.030000000000
 0.030000000000
 0.030000000000
 0.030000000000
 0.030000000000
 0.030000000000
 0.030000000000
 0.030000000000
 0.030000000000
 0.030000000000
 0.030000000000
 0.030000000000
 0.030000000000
 0.030000000000
 0.030000000000
 0.030000000000
 0.030000000000
 0.030000000000
 0.030000000000
 0.030000000000
 0.030000000000
 0.030000000000
 0.030000000000
 0.030000000000
 0.030000000000
 0.030000000000
 0.030000000000
 0.030000000000
 0.030000000000
 0.030000000000
 0.030000000000
 0.030000000000
 0.030000000000
 0.030000000000
 0.028084120000
 0.030000000000
 0.030000000000
 0.030000000000
 0.030000000000
 0.030000000000
 0.030000000000
 0.010258376667
 0.003761330000
 0.030000000000
 0.030000000000
 0.030000000000
 0.030000000000
 0.030000000000
 0.030000000000
-0.005116453333
-0.008954150000
 0.024428323333
 0.030000000000
 0.030000000000
 0.030000000000
 0.030000000000
 0.030000000000
 0.001499186667
-0.009450880000
-0.003809113333
 0.030000000000
 0.030000000000
 0.030000000000
 0.030000000000
 0.030000000000
 0.030000000000
 0.030000000000
 0.030000000000
 0.030000000000
 0.030000000000
 0.030000000000
 0.030000000000
 0.030000000000
 0.030000000000
 0.030000000000
 0.030000000000
 0.030000000000
 0.030000000000
 0.030000000000
 0.030000000000
 0.030000000000
 0.030000000000
 0.030000000000
 0.030000000000
 0.030000000000
 0.030000000000
 0.030000000000
 0.030000000000
 0.030000000000
 0.030000000000
 0.030000000000
 0.030000000000
 0.030000000000
 0.030000000000
 0.030000000000
 0.030000000000
 0.030000000000
 0.030000000000
 0.000332766667
 0.022566750000
 0.030000000000
 0.030000000000
 0.030000000000
 0.030000000000
 0.030000000000
 0.012301023333
-0.012099676667
-0.001466796667
 0.030000000000
 0.030000000000
 0.030000000000
 0.030000000000
 0.030000000000
-0.006060163333
-0.015353526667
-0.010335920000
 0.012483906667
 0.030000000000
 0.030000000000
 0.030000000000
 0.030000000000
-0.007843226667
-0.014321606667
-0.011168493333
 0.030000000000
 0.030000000000
 0.030000000000
 0.030000000000
 0.030000000000
 0.030000000000
 0.030000000000
 0.030000000000
 0.030000000000
 0.030000000000
 0.030000000000
 0.030000000000
 0.030000000000
 0.030000000000
 0.030000000000
 0.030000000000
 0.030000000000
 0.030000000000
 0.030000000000
 0.030000000000
 0.030000000000
 0.030000000000
 0.030000000000
 0.030000000000
 0.030000000000
 0.030000000000
 0.030000000000
 0.030000000000
 0.030000000000
 0.030000000000
 0.030000000000
 0.030000000000
 0.030000000000
 0.030000000000
 0.030000000000
 0.030000000000
 0.030000000000
 0.030000000000
-0.004174036667
-0.005843376667
 0.003268526667
 0.030000000000
 0.030000000000
 0.030000000000
 0.030000000000
 0.001051836667
-0.015724700000
-0.015365093333
-0.010046323333
 0.030000000000
 0.030000000000
 0.030000000000
 0.030000000000
-0.010693103333
-0.016959736667
-0.015569270000
-0.003383660000
 0.030000000000
 0.030000000000
 0.030000000000
 0.028436670000
-0.011230013333
-0.016151536667
-0.013156336667
 0.030000000000
 0.030000000000
 0.030000000000
 0.030000000000
 0.030000000000
 0.030000000000
 0.030000000000
 0.030000000000
 0.030000000000
 0.030000000000
 0.030000000000
 0.030000000000
 0.030000000000
 0.030000000000
 0.030000000000
 0.030000000000
 0.030000000000
 0.030000000000
 0.030000000000
 0.030000000000
 0.030000000000
 0.030000000000
 0.030000000000
 0.030000000000
 0.030000000000
 0.030000000000
 0.030000000000
 0.030000000000
 0.030000000000
 0.030000000000
 0.030000000000
 0.030000000000
 0.030000000000
 0.030000000000
 0.030000000000
 0.030000000000
 0.030000000000
 0.024807650000
 0.007164150000
 0.008192163333
 0.030000000000
 0.030000000000
 0.030000000000
 0.030000000000
 0.030000000000
-0.006651776667
-0.015049070000
-0.015106196667
-0.008465543333
 0.030000000000
 0.030000000000
 0.030000000000
 0.030000000000
-0.006707756667
-0.015632873333
-0.016545216667
-0.009880870000
 0.030000000000
 0.030000000000
 0.030000000000
 0.030000000000
 0.003375323333
-0.014247206667
-0.014791613333
 0.009334033333
 0.030000000000
 0.030000000000
 0.030000000000
 0.030000000000
 0.030000000000
 0.030000000000
 0.030000000000
 0.030000000000
 0.030000000000
 0.030000000000
 0.030000000000
 0.030000000000
 0.030000000000
 0.030000000000
 0.030000000000
 0.030000000000
 0.030000000000
 0.030000000000
 0.030000000000
 0.030000000000
 0.030000000000
 0.030000000000
 0.030000000000
 0.030000000000
 0.030000000000
 0.030000000000
 0.030000000000
 0.030000000000
 0.030000000000
 0.030000000000
 0.030000000000
 0.030000000000
 0.030000000000
 0.030000000000
 0.030000000000
 0.030000000000
 0.030000000000
 0.030000000000
 0.030000000000
 0.030000000000
 0.030000000000
 0.030000000000
 0.030000000000
 0.030000000000
 0.030000000000
 0.003062993333
-0.004563910000
 0.025214343333
 0.030000000000
 0.030000000000
 0.030000000000
 0.030000000000
 0.030000000000
 0.009456626667
-0.012852196667
-0.011747403333
 0.030000000000
 0.030000000000
 0.030000000000
 0.030000000000
 0.030000000000
 0.010390496667
-0.012251450000
-0.007570280000
 0.030000000000
 0.030000000000
 0.030000000000
 0.030000000000
 0.030000000000
 0.030000000000
 0.030000000000
 0.030000000000
 0.030000000000
 0.030000000000
 0.030000000000
 0.030000000000
 0.030000000000
 0.030000000000
 0.030000000000
 0.030000000000
 0.030000000000
 0.030000000000
 0.030000000000
 0.030000000000
 0.030000000000
 0.030000000000
 0.030000000000
 0.030000000000
 0.030000000000
 0.030000000000
 0.030000000000
 0.030000000000
 0.030000000000
 0.030000000000
 0.030000000000
 0.030000000000
 0.030000000000
 0.030000000000
 0.030000000000
 0.030000000000
 0.030000000000
 0.030000000000
 0.030000000000
 0.030000000000
 0.030000000000
 0.030000000000
 0.030000000000
 0.030000000000
 0.030000000000
 0.030000000000
 0.030000000000
 0.030000000000
 0.030000000000
 0.030000000000
 0.030000000000
 0.030000000000
 0.030000000000
 0.030000000000
 0.019449646667
-0.004903103333
 0.030000000000
 0.030000000000
 0.030000000000
 0.030000000000
 0.030000000000
 0.030000000000
 0.015802943333
-0.009738736667
 0.030000000000
 0.030000000000
 0.030000000000
 0.030000000000
 0.030000000000
 0.030000000000
 0.030000000000
 0.030000000000
 0.030000000000
 0.030000000000
 0.030000000000
 0.030000000000
 0.030000000000
 0.030000000000
 0.030000000000
 0.030000000000
 0.030000000000
 0.030000000000
 0.030000000000
 0.030000000000
 0.030000000000
 0.030000000000
 0.030000000000
 0.030000000000
 0.030000000000
 0.030000000000
 0.030000000000
 0.030000000000
 0.030000000000
 0.030000000000
 0.030000000000
 0.030000000000
 0.030000000000
 0.030000000000
 0.030000000000
 0.030000000000
 0.030000000000
 0.030000000000
 0.030000000000
 0.030000000000
 0.030000000000
 0.030000000000
 0.030000000000
 0.030000000000
 0.030000000000
 0.030000000000
 0.030000000000
 0.030000000000
 0.030000000000
 0.030000000000
 0.030000000000
 0.030000000000
 0.030000000000
 0.030000000000
 0.030000000000
 0.014311806667
 0.030000000000
 0.030000000000
 0.030000000000
 0.030000000000
 0.030000000000
 0.030000000000
 0.030000000000
 0.004638546667
 0.000000000000
 0.000000000000
 0.000000000000
 0.000000000000
 0.000000000000
 0.000000000000
 0.000000000000
 0.000000000000
 0.000000000000
 0.000000000000
 0.000000000000
 0.000000000000
 0.000000000000
 0.000000000000
 0.000000000000
 0.000000000000
 0.000000000000
 0.000000000000
 0.000000000000
 0.000000000000
 0.000000000000
 0.000000000000
 0.000000000000
 0.000000000000
 0.000000000000
 0.000000000000
 0.000000000000
 0.000000000000
 0.000000000000
 0.000000000000
 0.000000000000
 0.000000000000
 0.000000000000
 0.000000000000
 0.000000000000
 0.000000000000
 0.000000000000
 0.000000000000
 0.000000000000
 0.000000000000
 0.000000000000
 0.000000000000
 0.000000000000
 0.000000000000
 0.000000000000
 0.000000000000
 0.000000000000
 0.000000000000
 0.000000000000
 0.000000000000
 0.000000000000
 0.000000000000
 0.000000000000
 0.000000000000
 0.000000000000
 0.000000000000
 0.000000000000
 0.000000000000
 0.000000000000
 0.000000000000
 0.000000000000
 0.000000000000
 0.000000000000
 0.000000000000
 0.000000000000
 0.000000000000
 0.000000000000
 0.000000000000
 0.000000000000
 0.000000000000
 0.000000000000
 0.000000000000
 0.000000000000
 0.000000000000
 0.000000000000
 0.000000000000
 0.000000000000
 0.000000000000
 0.000000000000
 0.000000000000
 0.000000000000
 0.000000000000
 0.000000000000
 0.000000000000
 0.000000000000
 0.000000000000
 0.000000000000
 0.000000000000
 0.000000000000
 0.000000000000
 0.000000000000
 0.000000000000
 0.000000000000
 0.000000000000
 0.000000000000
 0.000000000000
 0.000000000000
 0.000000000000
 0.000000000000
 0.000000000000
 0.000000000000
 0.000000000000
 0.000000000000
 0.000000000000
 0.000000000000
 0.000000000000
 0.000000000000
 0.000000000000
 0.000000000000
 0.000000000000
 0.000000000000
 0.000000000000
 0.000000000000
 0.000000000000
 0.000000000000
 0.000000000000
 0.000000000000
 0.000000000000
 0.000000000000
 0.000000000000
 0.000000000000
 0.000000000000
 0.000000000000
 0.000000000000
 0.000000000000
 0.000000000000
 0.000000000000
 0.000000000000
 0.000000000000
 0.000000000000
 0.000000000000
 0.000000000000
 0.000000000000
 0.000000000000
 0.000000000000
 0.000000000000
 0.000000000000
 0.000000000000
 0.000000000000
 0.000000000000
 0.000000000000
 0.000000000000
 0.000000000000
 0.000000000000
 0.000000000000
 0.000000000000
 0.000000000000
 0.000000000000
 0.000000000000
 0.000000000000
 0.000000000000
 0.000000000000
 0.000000000000
 0.000000000000
 0.000000000000
 0.000000000000
 0.000000000000
 0.000000000000
 0.000000000000
 0.000000000000
 0.000000000000
 0.000000000000
 0.000000000000
 0.000000000000
 0.000000000000
 0.000000000000
 0.000000000000
 0.000000000000
 0.000000000000
 0.000000000000
 0.000000000000
 0.000000000000
 0.000000000000
 0.000000000000
 0.000000000000
 0.000000000000
 0.000000000000
 0.000000000000
 0.000000000000
 0.000000000000
 0.000000000000
 0.000000000000
 0.000000000000
 0.000000000000
 0.000000000000
 0.000000000000
 0.000000000000
 0.000000000000
 0.000000000000
 0.000000000000
 0.000000000000
 0.000000000000
 0.000000000000
 0.000000000000
 0.000000000000
 0.000000000000
 0.000000000000
 0.000000000000
 0.000000000000
 0.000000000000
 0.000000000000
 0.000000000000
 0.000000000000
 0.000000000000
 0.000000000000
 0.000000000000
 0.000000000000
 0.000000000000
 0.000000000000
 0.000000000000
 0.000000000000
 0.000000000000
 0.000000000000
 0.000000000000
 0.000000000000
 0.000000000000
 0.000000000000
 0.000000000000
 0.000000000000
 0.000000000000
 0.000000000000
 0.000000000000
 0.000000000000
 0.000000000000
 0.000000000000
 0.000000000000
 0.000000000000
 0.000000000000
 0.000000000000
 0.000000000000
 0.000000000000
 0.000000000000
 0.000000000000
 0.000000000000
 0.000000000000
 0.000000000000
 0.000000000000
 0.000000000000
 0.000000000000
 0.000000000000
 0.000000000000
 0.000000000000
 0.000000000000
 0.000000000000
 0.000000000000
 0.000000000000
 0.000000000000
 0.000000000000
 0.000000000000
 0.000000000000
 0.000000000000
 0.000000000000
 0.000000000000
 0.000000000000
 0.000000000000
 0.000000000000
 0.000000000000
 0.000000000000
 0.000000000000
 0.000000000000
 0.000000000000
 0.000000000000
 0.000000000000
 0.000000000000
 0.000000000000
 0.000000000000
 0.000000000000
 0.000000000000
 0.000000000000
 0.000000000000
 0.000000000000
 0.000000000000
 0.000000000000
 0.000000000000
 0.000000000000
 0.000000000000
 0.000000000000
 0.000000000000
 0.000000000000
 0.000000000000
 0.000000000000
 0.000000000000
 0.000000000000
 0.000000000000
 0.000000000000
 0.000000000000
 0.000000000000
 0.000000000000
 0.000000000000
 0.000000000000
 0.000000000000
 0.000000000000
 0.000000000000
 0.000000000000
 0.000000000000
 0.000000000000
 0.000000000000
 0.000000000000
 0.000000000000
 0.000000000000
 0.000000000000
 0.000000000000
 0.000000000000
 0.000000000000
 0.000000000000
 0.000000000000
 0.000000000000
 0.000000000000
 0.000000000000
 0.000000000000
 0.000000000000
 0.000000000000
 0.000000000000
 0.000000000000
 0.000000000000
 0.000000000000
 0.000000000000
 0.000000000000
 0.000000000000
 0.000000000000
 0.000000000000
 0.000000000000
 0.000000000000
 0.000000000000
 0.000000000000
 0.000000000000
 0.000000000000
 0.000000000000
 0.000000000000
 0.000000000000
 0.000000000000
 0.000000000000
 0.000000000000
 0.000000000000
 0.000000000000
 0.000000000000
 0.000000000000
 0.000000000000
 0.000000000000
 0.000000000000
 0.000000000000
 0.000000000000
 0.000000000000
 0.000000000000
 0.000000000000
 0.000000000000
 0.000000000000
 0.000000000000
 0.000000000000
 0.000000000000
 0.000000000000
 0.000000000000
 0.000000000000
 0.000000000000
 0.000000000000
 0.000000000000
 0.000000000000
 0.000000000000
 0.000000000000
 0.000000000000
 0.000000000000
 0.000000000000
 0.000000000000
 0.000000000000
 0.000000000000
 0.000000000000
 0.000000000000
 0.000000000000
 0.000000000000
 0.000000000000
 0.000000000000
 0.000000000000
 0.000000000000
 0.000000000000
 0.000000000000
 0.000000000000
 0.000000000000
 0.000000000000
 0.000000000000
 0.000000000000
 0.000000000000
 0.000000000000
 0.000000000000
 0.000000000000
 0.000000000000
 0.000000000000
 0.000000000000
 0.000000000000
 0.000000000000
 0.000000000000
 0.000000000000
 0.000000000000
 0.000000000000
 0.000000000000
 0.000000000000
 0.000000000000
 0.000000000000
 0.000000000000
 0.000000000000
 0.000000000000
 0.000000000000
 0.000000000000
 0.000000000000
 0.000000000000
 0.000000000000
 0.000000000000
 0.000000000000
 0.000000000000
 0.000000000000
 0.000000000000
 0.000000000000
 0.000000000000
 0.000000000000
 0.000000000000
 0.000000000000
 0.000000000000
 0.000000000000
 0.000000000000
 0.000000000000
 0.000000000000
 0.000000000000
 0.000000000000
 0.000000000000
 0.000000000000
 0.000000000000
 0.000000000000
 0.000000000000
 0.000000000000
 0.000000000000
 0.000000000000
 0.000000000000
 0.000000000000
 0.000000000000
 0.000000000000
 0.000000000000
 0.000000000000
 0.000000000000
 0.000000000000
 0.000000000000
 0.000000000000
 0.000000000000
 0.000000000000
 0.000000000000
 0.000000000000
 0.000000000000
 0.000000000000
 0.000000000000
 0.000000000000
 0.000000000000
 0.000000000000
 0.000000000000
 0.000000000000
 0.000000000000
 0.000000000000
 0.000000000000
 0.000000000000
 0.000000000000
 0.000000000000
 0.000000000000
 0.000000000000
 0.000000000000
 0.000000000000
 0.000000000000
 0.000000000000
 0.000000000000
 0.000000000000
 0.000000000000
 0.000000000000
 0.000000000000
 0.000000000000
 0.000000000000
 0.000000000000
 0.000000000000
 0.000000000000
 0.000000000000
 0.000000000000
 0.000000000000
 0.000000000000
 0.000000000000
 0.000000000000
 0.000000000000
 0.000000000000
 0.000000000000
 0.000000000000
 0.000000000000
 0.000000000000
 0.000000000000
 0.000000000000
 0.000000000000
 0.000000000000
 0.000000000000
 0.000000000000
 0.000000000000
 0.000000000000
 0.000000000000
 0.000000000000
 0.000000000000
 0.000000000000
 0.000000000000
 0.000000000000
 0.000000000000
 0.000000000000
 0.000000000000
 0.000000000000
 0.000000000000
 0.000000000000
 0.000000000000
 0.000000000000
 0.000000000000
 0.026666666667
 0.205498181983
 0.000000000000
