  1.195896
  0.081283
  1.284186
  3.570167
  6.069345
  4.378629
  0.314092
 -0.994567
 -2.507030
 -5.014244
 -0.140657
  3.369117
  2.979742
  1.359091
 -0.089661
 -0.460220
 -1.081797
 -4.872320
  0.549728
  3.958504
  2.702610
  1.156142
  0.269192
  0.073398
  0.644134
 -2.649469
  0.052699
  2.206004
  1.783554
  0.941525
  0.445783
  0.333207
 -7.288074
 -4.974344
 -1.789281
  0.129428
  0.618406
  0.523869
  0.392237
  0.385387
-15.062698
 -7.702268
 -3.096563
 -0.989140
 -0.138659
  0.147773
  0.249226
  0.329686
-10.528468
 -6.290536
 -3.002677
 -1.315035
 -0.506105
 -0.111365
  0.104842
  0.247665
 -4.753811
 -3.563516
 -2.179165
 -1.271502
 -0.716115
 -0.326321
 -0.030094
  0.183554
  0.044005
 -2.627667
  0.215206
  3.526171
  3.340186
 -2.028901
 -7.467711
 -5.809704
-21.823374
-44.417634
 -2.388400
 10.411549
  4.025159
 -0.545498
 -2.956347
 -2.719170
-11.796516
-37.282162
 15.691522
 24.116864
  6.086829
  1.107274
 -0.602373
 -0.884421
 14.263667
 -7.106078
  4.028238
  8.597870
  3.817093
  1.246890
  0.204857
 -0.102101
-23.954795
 -9.932556
 -2.267191
  1.036519
  1.229538
  0.708257
  0.327153
  0.168311
-88.548602
-17.039474
 -4.681401
 -1.129540
 -0.014533
  0.237612
  0.248394
  0.237332
-28.586716
-11.546322
 -4.283305
 -1.570787
 -0.475759
 -0.027824
  0.158477
  0.247775
 -7.956011
 -5.343950
 -2.870651
 -1.421280
 -0.625949
 -0.172059
  0.099544
  0.262530
 30.171169
 64.837171
  4.435438
  3.223464
 -2.084595
-18.342181
-33.639928
-15.478110
-63.568917
-99.000000
 -5.199274
 19.487408
  3.873540
 -3.820913
 -7.373926
 -5.538274
-44.957183
-99.000000
 99.000000
 87.135994
  8.367528
  0.682433
 -1.552690
 -1.825212
 30.032987
-12.909507
  9.152145
 14.949995
  5.006203
  1.325278
 -0.048506
 -0.524959
-26.662840
-10.822846
 -2.047810
  1.697612
  1.605280
  0.823545
  0.263530
 -0.042779
-99.000000
-18.570447
 -4.692699
 -0.916498
  0.199888
  0.374368
  0.280732
  0.162128
-32.285286
-12.048460
 -4.184993
 -1.352450
 -0.244271
  0.159745
  0.269062
  0.274874
 -7.724341
 -5.162709
 -2.621109
 -1.122328
 -0.316491
  0.094326
  0.286690
  0.367214
 36.882751
 75.117650
  7.779562
  2.770683
 -3.104904
-23.897799
-49.079783
-17.449646
-14.912771
-34.743519
 -3.802937
  6.734718
  1.958544
 -4.166899
 -7.749256
 -5.792799
-17.303270
-38.684374
  1.303911
 12.956925
  4.615513
  0.425468
 -1.561621
 -2.136025
  1.279616
 -8.265270
  1.007522
  5.910549
  3.286245
  1.123764
 -0.135166
 -0.868172
 -7.867101
 -6.004440
 -1.562946
  1.138459
  1.400777
  0.844165
  0.232634
 -0.271379
-19.392846
 -8.645092
 -2.877491
 -0.379507
  0.494411
  0.581939
  0.366248
  0.090300
-11.517456
 -6.352051
 -2.510045
 -0.608567
  0.228898
  0.487078
  0.457204
  0.329434
 -3.514481
 -2.767766
 -1.361877
 -0.349814
  0.231877
  0.487131
  0.537893
  0.497376
  7.567675
  8.240299
  4.845424
  4.023576
  3.256355
 -0.276342
 -3.194277
 -2.277152
  0.079264
 -1.473249
  1.104035
  3.575023
  3.395465
  1.320099
 -1.178850
 -2.515611
 -2.416874
 -4.820905
 -0.325769
  3.143946
  2.983520
  1.534141
 -0.224967
 -1.914235
 -0.892934
 -2.557074
 -0.186853
  2.002093
  2.094049
  1.226072
  0.043961
 -1.284917
 -2.315771
 -2.272104
 -0.609704
  0.883951
  1.332853
  1.003504
  0.289710
 -0.578198
 -4.067088
 -2.783953
 -0.942045
  0.430412
  1.051383
  0.999402
  0.567476
  0.024770
 -2.605730
 -1.882102
 -0.567830
  0.496327
  1.055250
  1.077837
  0.789196
  0.435229
  0.267579
 -0.036033
  0.296346
  0.761443
  1.073457
  1.088114
  0.902030
  0.675124
  3.761990
  3.816479
  4.451306
  7.325108
 14.860874
 22.691784
 18.176082
  6.414084
  1.899101
  1.737205
  2.823521
  5.175181
  8.623359
 10.038002
  5.692134
 -0.234376
  0.603089
  0.236945
  1.358655
  2.983432
  4.075211
  3.709590
  1.373407
 -2.403419
  0.068871
 -0.231187
  0.608743
  1.721398
  2.206406
  1.727798
  0.281885
 -2.153515
 -0.556971
 -0.526895
  0.266472
  1.302341
  1.818784
  1.471782
  0.462073
 -0.998039
 -0.812955
 -0.545215
  0.344565
  1.616014
  2.329459
  1.932608
  1.001350
  0.020568
  0.297363
  0.292480
  0.903647
  2.137598
  2.870647
  2.345507
  1.409523
  0.647586
  2.978883
  2.201407
  1.842131
  2.235602
  2.574609
  2.162055
  1.474820
  0.934144
  3.119391
  3.158819
  4.738657
 11.016537
 43.551222
 99.000000
 29.615562
  4.064821
  1.969808
  2.120763
  3.407660
  7.071758
 16.206621
 23.354065
  9.514440
 -1.381329
  1.018801
  1.080576
  1.900359
  3.479086
  5.291897
  5.187211
  1.705293
 -4.013213
  0.324634
  0.313141
  0.882515
  1.838199
  2.479246
  2.033209
  0.298813
 -3.180212
 -0.188637
 -0.220481
  0.415714
  1.819044
  2.757097
  2.204496
  0.775327
 -1.232037
 -0.175176
 -0.347583
  0.594921
  3.885096
  6.038440
  4.045703
  1.788775
  0.224391
  1.192884
  0.533468
  1.326389
  6.482062
  9.946962
  5.682880
  2.489272
  1.014440
  5.060717
  3.403798
  2.445552
  4.712608
  6.587140
  4.404611
  2.322666
  1.271891
  2.526166
  2.423940
  3.958218
  9.735003
 39.397887
 99.000000
  6.569748
 -9.855273
  1.348331
  1.599814
  2.815839
  6.055163
 13.651514
 16.245842
 -3.203600
 -6.197649
  0.577600
  0.755734
  1.463096
  2.767279
  4.002833
  2.722812
 -1.175832
 -2.901643
 -0.036536
 -0.091581
  0.311004
  1.242827
  1.950112
  1.486033
  0.119854
 -2.099818
 -0.611831
 -1.171164
 -0.964642
  1.266659
  3.358893
  2.721234
  1.195967
 -0.530945
 -0.789811
 -2.522763
 -2.847896
  7.369014
 17.052328
  7.386536
  2.646886
  0.759820
  0.579914
 -2.602911
 -4.488017
 28.613607
 87.155933
 13.361857
  3.637655
  1.447988
  5.186221
  1.677024
 -2.071097
  7.776683
 19.549016
  7.919720
  3.056793
  1.568169
 99.000000
 99.000000
 99.000000
 99.000000
 99.000000
 99.000000
 99.000000
 99.000000
 99.000000
 99.000000
 99.000000
 99.000000
 99.000000
 99.000000
 99.000000
 99.000000
 99.000000
 99.000000
 99.000000
 99.000000
 99.000000
 99.000000
 99.000000
 99.000000
 99.000000
 99.000000
 99.000000
 99.000000
 99.000000
 99.000000
 99.000000
 99.000000
 99.000000
 99.000000
 99.000000
 99.000000
 48.073841
 99.000000
 99.000000
 99.000000
 99.000000
 99.000000
 99.000000
 99.000000
 19.162543
 85.020170
 99.000000
 99.000000
 99.000000
 99.000000
 99.000000
 90.357788
  8.870830
 28.206487
 99.000000
 99.000000
 99.000000
 99.000000
 99.000000
 99.000000
 36.268512
 17.309520
 43.693531
 99.000000
 99.000000
 99.000000
 99.000000
 99.000000
 99.000000
 99.000000
 99.000000
 99.000000
 99.000000
 99.000000
 99.000000
 99.000000
 99.000000
 99.000000
 99.000000
 99.000000
 99.000000
 99.000000
 99.000000
 99.000000
 99.000000
 99.000000
 99.000000
 99.000000
 99.000000
 99.000000
 99.000000
 99.000000
 99.000000
 99.000000
 99.000000
 99.000000
 99.000000
 99.000000
 99.000000
 99.000000
 91.971550
 44.146497
 99.000000
 99.000000
 99.000000
 99.000000
 99.000000
 99.000000
 27.988331
 17.133916
 99.000000
 99.000000
 99.000000
 99.000000
 99.000000
 99.000000
 10.614943
  3.614320
 36.367631
 99.000000
 99.000000
 99.000000
 99.000000
 95.125043
 18.453865
  4.723281
  9.918756
 56.543121
 99.000000
 99.000000
 99.000000
 99.000000
 99.000000
 99.000000
 99.000000
 99.000000
 99.000000
 99.000000
 99.000000
 99.000000
 99.000000
 99.000000
 99.000000
 99.000000
 99.000000
 99.000000
 99.000000
 99.000000
 99.000000
 99.000000
 99.000000
 99.000000
 99.000000
 99.000000
 99.000000
 99.000000
 99.000000
 99.000000
 99.000000
 99.000000
 99.000000
 99.000000
 99.000000
 99.000000
 99.000000
 17.361532
 38.452523
 99.000000
 99.000000
 99.000000
 99.000000
 99.000000
 30.565767
  1.077741
 11.394350
 49.608965
 99.000000
 99.000000
 99.000000
 99.000000
  9.653889
 -3.390371
  1.527568
 25.749538
 99.000000
 99.000000
 99.000000
 76.402905
  8.227968
 -1.297083
  1.479067
 50.922244
 99.000000
 99.000000
 99.000000
 99.000000
 99.000000
 99.000000
 99.000000
 99.000000
 99.000000
 99.000000
 99.000000
 99.000000
 99.000000
 99.000000
 99.000000
 99.000000
 99.000000
 99.000000
 99.000000
 99.000000
 99.000000
 99.000000
 99.000000
 99.000000
 99.000000
 99.000000
 99.000000
 99.000000
 99.000000
 99.000000
 99.000000
 99.000000
 99.000000
 99.000000
 99.000000
 99.000000
 84.260926
 13.062038
 11.027914
 21.631683
 99.000000
 99.000000
 99.000000
 99.000000
 18.434399
 -2.630754
 -2.708716
  4.005754
 99.000000
 99.000000
 99.000000
 99.000000
  4.530846
 -5.165716
 -4.205574
  9.222621
 99.000000
 99.000000
 99.000000
 51.558854
  4.171034
 -3.690638
 -1.228727
 44.404375
 99.000000
 99.000000
 99.000000
 99.000000
 99.000000
 99.000000
 99.000000
 99.000000
 99.000000
 99.000000
 99.000000
 99.000000
 99.000000
 99.000000
 99.000000
 99.000000
 99.000000
 99.000000
 99.000000
 99.000000
 99.000000
 99.000000
 99.000000
 99.000000
 99.000000
 99.000000
 99.000000
 99.000000
 99.000000
 99.000000
 99.000000
 99.000000
 99.000000
 99.000000
 99.000000
 99.000000
 45.725593
 25.033418
 27.285973
 66.407807
 99.000000
 99.000000
 99.000000
 81.382634
 10.746082
 -0.844407
 -1.258044
  7.326009
 99.000000
 99.000000
 99.000000
 63.046731
  9.555502
 -2.723521
 -4.597534
  2.999357
 99.000000
 99.000000
 99.000000
 99.000000
 19.745864
 -0.984089
 -2.674951
 21.847083
 99.000000
 99.000000
 99.000000
 99.000000
 99.000000
 99.000000
 99.000000
 99.000000
 99.000000
 99.000000
 99.000000
 99.000000
 99.000000
 99.000000
 99.000000
 99.000000
 99.000000
 99.000000
 99.000000
 99.000000
 99.000000
 99.000000
 99.000000
 99.000000
 99.000000
 99.000000
 99.000000
 99.000000
 99.000000
 99.000000
 99.000000
 99.000000
 99.000000
 99.000000
 99.000000
 98.488617
 76.467149
 79.789270
 99.000000
 99.000000
 99.000000
 99.000000
 99.000000
 99.000000
 69.927539
 21.083520
 12.751672
 46.895707
 99.000000
 99.000000
 99.000000
 99.000000
 99.000000
 26.572701
  1.422685
  2.807842
 99.000000
 99.000000
 99.000000
 99.000000
 99.000000
 27.378379
  1.595056
  5.946840
 99.000000
 99.000000
 99.000000
 99.000000
 99.000000
 99.000000
 99.000000
 99.000000
 99.000000
 99.000000
 99.000000
 99.000000
 99.000000
 99.000000
 99.000000
 99.000000
 99.000000
 99.000000
 99.000000
 99.000000
 99.000000
 99.000000
 99.000000
 99.000000
 99.000000
 99.000000
 99.000000
 99.000000
 99.000000
 99.000000
 99.000000
 99.000000
 99.000000
 99.000000
 99.000000
 99.000000
 99.000000
 99.000000
 99.000000
 99.000000
 99.000000
 99.000000
 99.000000
 99.000000
 99.000000
 99.000000
 59.654179
 99.000000
 99.000000
 99.000000
 99.000000
 99.000000
 99.000000
 99.000000
 38.999829
 12.800972
 99.000000
 99.000000
 99.000000
 99.000000
 99.000000
 99.000000
 34.060389
  5.618236
 99.000000
 99.000000
 99.000000
 99.000000
 99.000000
 99.000000
 99.000000
 99.000000
 99.000000
 99.000000
 99.000000
 99.000000
 99.000000
 99.000000
 99.000000
 99.000000
 99.000000
 99.000000
 99.000000
 99.000000
 99.000000
 99.000000
 99.000000
 99.000000
 89.463247
 99.000000
 99.000000
 99.000000
 99.000000
 99.000000
 99.000000
 99.000000
 99.000000
 99.000000
 99.000000
 99.000000
 99.000000
 99.000000
 99.000000
 99.000000
 99.000000
 99.000000
 99.000000
 99.000000
 99.000000
 99.000000
 99.000000
 99.000000
 99.000000
 99.000000
 99.000000
 99.000000
 99.000000
 99.000000
 99.000000
 36.121712
 99.000000
 99.000000
 99.000000
 99.000000
 99.000000
 99.000000
 99.000000
 23.203965
 99.000000
 99.000000
 99.000000
 99.000000
 99.000000
 99.000000
 99.000000
 99.000000
 99.000000
 99.000000
 99.000000
 99.000000
 99.000000
 99.000000
 99.000000
 99.000000
 99.000000
 99.000000
 99.000000
 99.000000
 78.580755
 99.000000
 99.000000
 99.000000
 99.000000
 99.000000
 99.000000
 99.000000
 32.387912
 76.216077
 99.000000
 99.000000
 99.000000
 99.000000
 99.000000
 89.495017
  8.803789
 45.956746
 99.000000
 99.000000
 99.000000
 99.000000
 99.000000
 42.088104
  1.014394
 22.237383
 99.000000
 99.000000
 99.000000
 99.000000
 99.000000
 19.381378
 -1.814157
  4.694725
 70.436314
 99.000000
 99.000000
 99.000000
 99.000000
 27.771554
  5.698407
  0.590074
  8.976808
 51.075379
 99.000000
 99.000000
 99.000000
 99.000000
 99.000000
 99.000000
 99.000000
 99.000000
 99.000000
 99.000000
 99.000000
 99.000000
 99.000000
 99.000000
 99.000000
 99.000000
 99.000000
 99.000000
 99.000000
 99.000000
 99.000000
 99.000000
 99.000000
 99.000000
 99.000000
 99.000000
 99.000000
 99.000000
 99.000000
 27.490988
 99.000000
 99.000000
 99.000000
 99.000000
 99.000000
 99.000000
 20.829240
  8.425236
 79.420432
 99.000000
 99.000000
 99.000000
 99.000000
 99.000000
  3.077513
  1.128399
 32.419241
 99.000000
 99.000000
 99.000000
 99.000000
 52.307461
 -1.534936
 -2.686245
  7.328497
 46.023922
 99.000000
 99.000000
 99.000000
 20.654657
  0.449756
 -2.835264
 -1.142734
 12.746898
 99.000000
 99.000000
 99.000000
 99.000000
 99.000000
 99.000000
 99.000000
 99.000000
 99.000000
 99.000000
 99.000000
 99.000000
 99.000000
 99.000000
 99.000000
 99.000000
 99.000000
 99.000000
 99.000000
 99.000000
 99.000000
 99.000000
 99.000000
 99.000000
 99.000000
 99.000000
 99.000000
 99.000000
 99.000000
 23.924850
 41.145306
 99.000000
 99.000000
 99.000000
 99.000000
 99.000000
 29.036538
  0.099830
  6.770025
 36.447892
 99.000000
 99.000000
 99.000000
 99.000000
  3.690307
 -3.629903
 -0.440039
 10.844982
 99.000000
 99.000000
 99.000000
 57.638200
 -1.818049
 -4.606058
 -3.100776
  3.745172
 99.000000
 99.000000
 99.000000
 14.927235
 -2.352968
 -4.296482
 -3.350548
 11.445425
 99.000000
 99.000000
 99.000000
 99.000000
 99.000000
 99.000000
 99.000000
 99.000000
 99.000000
 99.000000
 99.000000
 99.000000
 99.000000
 99.000000
 99.000000
 99.000000
 99.000000
 99.000000
 99.000000
 99.000000
 99.000000
 99.000000
 99.000000
 99.000000
 99.000000
 99.000000
 99.000000
 99.000000
 99.000000
 31.765702
 33.702084
 28.541307
 99.000000
 99.000000
 99.000000
 99.000000
 18.376420
 -1.252211
 -1.753013
  0.980558
 99.000000
 99.000000
 99.000000
 65.414841
  0.315551
 -4.717410
 -4.609528
 -3.013897
 99.000000
 99.000000
 99.000000
 25.582803
 -3.207931
 -5.087921
 -4.670781
 -1.015098
 99.000000
 99.000000
 99.000000
  8.531001
 -3.369004
 -4.845461
 -3.946901
  9.730542
 99.000000
 99.000000
 99.000000
 99.000000
 99.000000
 99.000000
 99.000000
 99.000000
 99.000000
 99.000000
 99.000000
 99.000000
 99.000000
 99.000000
 99.000000
 99.000000
 99.000000
 99.000000
 99.000000
 99.000000
 99.000000
 99.000000
 99.000000
 99.000000
 99.000000
 99.000000
 99.000000
 99.000000
 78.465024
 80.109884
 69.417909
 85.209832
 99.000000
 99.000000
 99.000000
 62.286430
  7.442295
  2.149245
  2.457649
 12.344030
 99.000000
 99.000000
 99.000000
 16.437931
 -1.995533
 -4.514721
 -4.531859
 -2.539663
 99.000000
 99.000000
 99.000000
 11.831405
 -2.012327
 -4.689862
 -4.963565
 -2.964261
 99.000000
 99.000000
 99.000000
 32.902722
  1.012597
 -4.274162
 -4.437484
  2.800210
 99.000000
 99.000000
 99.000000
 99.000000
 99.000000
 99.000000
 99.000000
 99.000000
 99.000000
 99.000000
 99.000000
 99.000000
 99.000000
 99.000000
 99.000000
 99.000000
 99.000000
 99.000000
 99.000000
 99.000000
 99.000000
 99.000000
 99.000000
 99.000000
 99.000000
 99.000000
 99.000000
 99.000000
 99.000000
 99.000000
 99.000000
 99.000000
 99.000000
 99.000000
 56.661525
 21.438081
 16.554057
 18.122479
 24.371836
 99.000000
 99.000000
 99.000000
 62.485434
 37.563122
 14.273667
  0.918898
 -1.369173
  7.564303
 99.000000
 99.000000
 99.000000
 90.562073
 29.748624
  2.836988
 -3.855659
 -3.524221
 99.000000
 99.000000
 99.000000
 99.000000
 38.903513
  3.117149
 -3.675435
 -2.271084
 99.000000
 99.000000
 99.000000
 99.000000
 99.000000
 99.000000
 99.000000
 99.000000
 99.000000
 99.000000
 99.000000
 99.000000
 99.000000
 99.000000
 99.000000
 99.000000
 64.012045
 55.424701
 99.000000
 99.000000
 99.000000
 99.000000
 99.000000
 99.000000
 42.520510
 31.157684
 47.128159
 99.000000
 99.000000
 99.000000
 99.000000
 99.000000
 52.190630
 68.110487
 99.000000
 99.000000
 89.793271
 57.898694
 87.827894
 99.000000
 99.000000
 99.000000
 99.000000
 99.000000
 99.000000
 53.390314
 10.874572
 36.619785
 99.000000
 99.000000
 99.000000
 99.000000
 99.000000
 96.697798
  5.834894
 -1.470931
 99.000000
 99.000000
 99.000000
 99.000000
 99.000000
 77.380477
  4.740883
 -2.921621
 99.000000
 99.000000
 99.000000
 99.000000
 99.000000
 99.000000
 99.000000
 99.000000
 99.000000
 99.000000
 99.000000
 99.000000
 99.000000
 99.000000
 99.000000
 99.000000
 74.125401
 32.414571
 99.000000
 99.000000
 99.000000
 99.000000
 99.000000
 99.000000
 17.712340
 42.978619
 99.000000
 99.000000
 99.000000
 99.000000
 99.000000
 99.000000
 97.429917
 99.000000
 99.000000
 99.000000
 99.000000
 99.000000
 99.000000
 99.000000
 99.000000
 99.000000
 99.000000
 99.000000
 99.000000
 99.000000
 52.422092
 80.378328
 99.000000
 99.000000
 99.000000
 99.000000
 99.000000
 99.000000
 59.274532
  4.293542
 99.000000
 99.000000
 99.000000
 99.000000
 99.000000
 99.000000
 47.399091
  1.391564
  0.000000
  0.000000
  0.000000
  0.000000
  0.000000
  0.000000
  0.000000
  0.000000
  0.000000
  0.000000
  0.000000
  0.000000
  0.000000
  0.000000
  0.000000
  0.000000
  0.000000
  0.000000
  0.000000
  0.000000
  0.000000
  0.000000
  0.000000
  0.000000
  0.000000
  0.000000
  0.000000
  0.000000
  0.000000
  0.000000
  0.000000
  0.000000
  0.000000
  0.000000
  0.000000
  0.000000
  0.000000
  0.000000
  0.000000
  0.000000
  0.000000
  0.000000
  0.000000
  0.000000
  0.000000
  0.000000
  0.000000
  0.000000
  0.000000
  0.000000
  0.000000
  0.000000
  0.000000
  0.000000
  0.000000
  0.000000
  0.000000
  0.000000
  0.000000
  0.000000
  0.000000
  0.000000
  0.000000
  0.000000
  0.000000
  0.000000
  0.000000
  0.000000
  0.000000
  0.000000
  0.000000
  0.000000
  0.000000
  0.000000
  0.000000
  0.000000
  0.000000
  0.000000
  0.000000
  0.000000
  0.000000
  0.000000
  0.000000
  0.000000
  0.000000
  0.000000
  0.000000
  0.000000
  0.000000
  0.000000
  0.000000
  0.000000
  0.000000
  0.000000
  0.000000
  0.000000
  0.000000
  0.000000
  0.000000
  0.000000
  0.000000
  0.000000
  0.000000
  0.000000
  0.000000
  0.000000
  0.000000
  0.000000
  0.000000
  0.000000
  0.000000
  0.000000
  0.000000
  0.000000
  0.000000
  0.000000
  0.000000
  0.000000
  0.000000
  0.000000
  0.000000
  0.000000
  0.000000
  0.000000
  0.000000
  0.000000
  0.000000
  0.000000
  0.000000
  0.000000
  0.000000
  0.000000
  0.000000
  0.000000
  0.000000
  0.000000
  0.000000
  0.000000
  0.000000
  0.000000
  0.000000
  0.000000
  0.000000
  0.000000
  0.000000
  0.000000
  0.000000
  0.000000
  0.000000
  0.000000
  0.000000
  0.000000
  0.000000
  0.000000
  0.000000
  0.000000
  0.000000
  0.000000
  0.000000
  0.000000
  0.000000
  0.000000
  0.000000
  0.000000
  0.000000
  0.000000
  0.000000
  0.000000
  0.000000
  0.000000
  0.000000
  0.000000
  0.000000
  0.000000
  0.000000
  0.000000
  0.000000
  0.000000
  0.000000
  0.000000
  0.000000
  0.000000
  0.000000
  0.000000
  0.000000
  0.000000
  0.000000
  0.000000
  0.000000
  0.000000
  0.000000
  0.000000
  0.000000
  0.000000
  0.000000
  0.000000
  0.000000
  0.000000
  0.000000
  0.000000
  0.000000
  0.000000
  0.000000
  0.000000
  0.000000
  0.000000
  0.000000
  0.000000
  0.000000
  0.000000
  0.000000
  0.000000
  0.000000
  0.000000
  0.000000
  0.000000
  0.000000
  0.000000
  0.000000
  0.000000
  0.000000
  0.000000
  0.000000
  0.000000
  0.000000
  0.000000
  0.000000
  0.000000
  0.000000
  0.000000
  0.000000
  0.000000
  0.000000
  0.000000
  0.000000
  0.000000
  0.000000
  0.000000
  0.000000
  0.000000
  0.000000
  0.000000
  0.000000
  0.000000
  0.000000
  0.000000
  0.000000
  0.000000
  0.000000
  0.000000
  0.000000
  0.000000
  0.000000
  0.000000
  0.000000
  0.000000
  0.000000
  0.000000
  0.000000
  0.000000
  0.000000
  0.000000
  0.000000
  0.000000
  0.000000
  0.000000
  0.000000
  0.000000
  0.000000
  0.000000
  0.000000
  0.000000
  0.000000
  0.000000
  0.000000
  0.000000
  0.000000
  0.000000
  0.000000
  0.000000
  0.000000
  0.000000
  0.000000
  0.000000
  0.000000
  0.000000
  0.000000
  0.000000
  0.000000
  0.000000
  0.000000
  0.000000
  0.000000
  0.000000
  0.000000
  0.000000
  0.000000
  0.000000
  0.000000
  0.000000
  0.000000
  0.000000
  0.000000
  0.000000
  0.000000
  0.000000
  0.000000
  0.000000
  0.000000
  0.000000
  0.000000
  0.000000
  0.000000
  0.000000
  0.000000
  0.000000
  0.000000
  0.000000
  0.000000
  0.000000
  0.000000
  0.000000
  0.000000
  0.000000
  0.000000
  0.000000
  0.000000
  0.000000
  0.000000
  0.000000
  0.000000
  0.000000
  0.000000
  0.000000
  0.000000
  0.000000
  0.000000
  0.000000
  0.000000
  0.000000
  0.000000
  0.000000
  0.000000
  0.000000
  0.000000
  0.000000
  0.000000
  0.000000
  0.000000
  0.000000
  0.000000
  0.000000
  0.000000
  0.000000
  0.000000
  0.000000
  0.000000
  0.000000
  0.000000
  0.000000
  0.000000
  0.000000
  0.000000
  0.000000
  0.000000
  0.000000
  0.000000
  0.000000
  0.000000
  0.000000
  0.000000
  0.000000
  0.000000
  0.000000
  0.000000
  0.000000
  0.000000
  0.000000
  0.000000
  0.000000
  0.000000
  0.000000
  0.000000
  0.000000
  0.000000
  0.000000
  0.000000
  0.000000
  0.000000
  0.000000
  0.000000
  0.000000
  0.000000
  0.000000
  0.000000
  0.000000
  0.000000
  0.000000
  0.000000
  0.000000
  0.000000
  0.000000
  0.000000
  0.000000
  0.000000
  0.000000
  0.000000
  0.000000
  0.000000
  0.000000
  0.000000
  0.000000
  0.000000
  0.000000
  0.000000
  0.000000
  0.000000
  0.000000
  0.000000
  0.000000
  0.000000
  0.000000
  0.000000
  0.000000
  0.000000
  0.000000
  0.000000
  0.000000
  0.000000
  0.000000
  0.000000
  0.000000
  0.000000
  0.000000
  0.000000
  0.000000
  0.000000
  0.000000
  0.000000
  0.000000
  0.000000
  0.000000
  0.000000
  0.000000
  0.000000
  0.000000
  0.000000
  0.000000
  0.000000
  0.000000
  0.000000
  0.000000
  0.000000
  0.000000
  0.000000
  0.000000
  0.000000
  0.000000
  0.000000
  0.000000
  0.000000
  0.000000
  0.000000
  0.000000
  0.000000
  0.000000
  0.000000
  0.000000
  0.000000
  0.000000
  0.000000
  0.000000
  0.000000
  0.000000
  0.000000
  0.000000
  0.000000
  0.000000
  0.000000
  0.000000
  0.000000
  0.000000
  0.000000
  0.000000
  0.000000
  0.000000
  0.000000
  0.000000
  0.000000
  0.000000
  0.000000
  0.000000
  0.000000
  0.000000
  0.000000
  0.000000
  0.000000
  0.000000
  0.000000
  0.000000
  0.000000
  0.000000
  0.000000
  0.000000
  0.000000
  0.000000
  0.000000
  0.000000
  0.000000
  0.000000
  0.000000
  0.000000
