 13.268201
 16.153720
 20.404433
 20.083299
 12.421193
  7.117720
  4.089198
  1.856394
 15.975395
 16.799432
 22.523339
 23.294669
 12.310773
  6.223963
  3.432953
  1.580832
 38.501956
 17.779795
 15.594950
 14.151757
  8.837336
  5.064637
  3.064497
  1.770309
 52.168731
 15.437468
  9.947228
  7.960182
  5.799224
  4.003840
  2.808031
  1.993835
 10.635937
  8.520793
  6.520620
  5.272434
  4.186529
  3.268195
  2.575984
  2.080515
  4.069841
  4.849797
  4.473414
  3.867437
  3.265935
  2.744940
  2.335626
  2.036474
  3.277296
  3.511207
  3.339016
  2.988378
  2.622701
  2.313469
  2.078779
  1.911139
  3.053590
  2.905447
  2.640539
  2.331714
  2.072236
  1.902513
  1.808112
  1.753523
 15.772457
 17.802777
 17.182529
 14.517175
 10.719165
  7.021608
  3.384936
 -1.157470
 14.753380
 15.192341
 14.904045
 13.100965
  9.643251
  6.214985
  3.040769
 -0.567538
 16.413118
 13.821454
 12.094496
 10.370338
  7.856062
  5.346342
  3.101445
  0.925072
 15.118228
 11.572526
  9.249479
  7.686206
  6.074104
  4.505932
  3.107788
  1.887425
  9.053409
  8.087342
  6.817784
  5.753392
  4.746958
  3.799578
  2.960320
  2.262287
  5.713557
  5.583904
  5.058998
  4.432209
  3.806262
  3.225053
  2.718123
  2.305743
  4.471828
  4.262624
  3.918447
  3.505798
  3.100358
  2.740784
  2.439996
  2.200091
  3.886651
  3.502521
  3.129749
  2.786445
  2.509193
  2.306859
  2.161768
  2.050094
 20.477515
 24.725947
 20.181265
 14.758023
 10.765768
  7.213373
  2.501758
 -8.709314
 14.851119
 15.613381
 14.394784
 11.996558
  9.257075
  6.344155
  2.451048
 -5.014820
 12.528315
 12.172214
 11.141309
  9.597825
  7.695803
  5.586243
  3.070706
 -0.291942
 10.579177
  9.829797
  8.785835
  7.604791
  6.285031
  4.877594
  3.382483
  1.819950
  8.295651
  7.696534
  6.900962
  6.034322
  5.129421
  4.215504
  3.321091
  2.497595
  6.477578
  6.012749
  5.453614
  4.840303
  4.220855
  3.624798
  3.073788
  2.596058
  5.366832
  4.872280
  4.400375
  3.935864
  3.502076
  3.112538
  2.771572
  2.484847
  4.692251
  4.081453
  3.593978
  3.203951
  2.902452
  2.669226
  2.481338
  2.323617
 23.608740
 30.201707
 23.384181
 16.320923
 11.854111
  8.516549
  4.237098
-13.655194
 15.522414
 16.672452
 15.344900
 12.663586
  9.955975
  7.353346
  3.555876
 -7.052345
 12.079235
 12.108602
 11.326963
  9.882199
  8.170448
  6.322216
  3.911461
 -0.017738
  9.971539
  9.580580
  8.861376
  7.851456
  6.687615
  5.437799
  4.025589
  2.378363
  8.296197
  7.784689
  7.122512
  6.338935
  5.506144
  4.661087
  3.804476
  2.962774
  6.946679
  6.405027
  5.811396
  5.186045
  4.573881
  3.992971
  3.447431
  2.954786
  6.002481
  5.385059
  4.819416
  4.298546
  3.838024
  3.434705
  3.079270
  2.771900
  5.431563
  4.664498
  4.058800
  3.592494
  3.245224
  2.977587
  2.756812
  2.567674
 21.880517
 27.205223
 24.995623
 18.407239
 13.484568
 11.075080
 11.408331
 13.834705
 15.864925
 17.617599
 16.843027
 13.972871
 11.196224
  9.361876
  7.867672
  3.158546
 12.266897
 12.604948
 11.993663
 10.564521
  8.986757
  7.630031
  6.189266
  3.657875
 10.162807
  9.949676
  9.271566
  8.278009
  7.224409
  6.233198
  5.204564
  3.932952
  8.727409
  8.293075
  7.535656
  6.685496
  5.886173
  5.155828
  4.447898
  3.721441
  7.485844
  6.955483
  6.211802
  5.484916
  4.863656
  4.326861
  3.837637
  3.381721
  6.503715
  5.864531
  5.175145
  4.569546
  4.086111
  3.691738
  3.351284
  3.050419
  6.107880
  5.252699
  4.492393
  3.913688
  3.508406
  3.213015
  2.976111
  2.773856
 22.513696
 37.231596
 41.602779
 22.713433
 15.042835
 13.768415
 19.249554
 39.510534
 16.393387
 19.895502
 19.957502
 15.680779
 12.412572
 11.691711
 13.818346
 16.855565
 12.622877
 13.308710
 12.782197
 11.218175
  9.754759
  9.125176
  9.332718
  9.199309
 11.004038
 10.842140
  9.850650
  8.666589
  7.689352
  7.053836
  6.641278
  6.036479
 10.423555
  9.811514
  8.245087
  6.990786
  6.165426
  5.590416
  5.114538
  4.593487
  9.043546
  8.278533
  6.735328
  5.657646
  5.015605
  4.563846
  4.177165
  3.798203
  7.049087
  6.308969
  5.321005
  4.620206
  4.173310
  3.840538
  3.552755
  3.285383
  6.666482
  5.651192
  4.685173
  4.032104
  3.625813
  3.345361
  3.122595
  2.929416
 22.419201
 52.710738
 73.364506
 24.407936
 15.108496
 15.228543
 26.146791
 67.611352
 16.029458
 20.569512
 21.123312
 15.875780
 12.650098
 13.291773
 20.884575
 41.328362
 12.711841
 13.467685
 12.812073
 11.170426
  9.941002
 10.110186
 12.280499
 15.107691
 13.186620
 12.609675
 10.375937
  8.717125
  7.800403
  7.526444
  7.737144
  7.785035
 18.906511
 15.718674
  9.459591
  7.054484
  6.182053
  5.787791
  5.552135
  5.238371
 17.616498
 13.657147
  7.292690
  5.438226
  4.905092
  4.616605
  4.364513
  4.080759
  7.331526
  5.916080
  4.477469
  4.115347
  3.988767
  3.831461
  3.641785
  3.432264
  6.063444
  4.732378
  3.963167
  3.683621
  3.513899
  3.346484
  3.181346
  3.022087
 17.294151
 25.073358
 26.598368
 17.201263
 13.032052
 14.037907
 27.960944
 99.000000
 13.572079
 15.955355
 15.946444
 13.089898
 11.272742
 12.675483
 23.151511
 73.085189
 11.775665
 12.227062
 11.384078
 10.009119
  9.176952
  9.763012
 12.682764
 16.882782
 15.724042
 14.166096
 10.128087
  8.162642
  7.376994
  7.316883
  7.791719
  8.098306
 68.869734
 34.579434
  9.876083
  6.523808
  5.849293
  5.630815
  5.547438
  5.361176
 99.000000
 33.334329
  5.232355
  4.320594
  4.478714
  4.449706
  4.332423
  4.139941
 -2.201738
 -5.123266
 -0.413443
  2.585936
  3.495762
  3.655571
  3.598028
  3.465219
  0.104978
 -1.191465
  1.056615
  2.662064
  3.163753
  3.218391
  3.150159
  3.050225
 99.000000
 99.000000
 99.000000
 99.000000
 99.000000
 99.000000
 99.000000
 99.000000
 99.000000
 99.000000
 99.000000
 99.000000
 99.000000
 99.000000
 99.000000
 99.000000
 99.000000
 99.000000
 99.000000
 99.000000
 99.000000
 99.000000
 99.000000
 99.000000
 99.000000
 99.000000
 99.000000
 99.000000
 99.000000
 60.567545
 99.000000
 99.000000
 99.000000
 99.000000
 99.000000
 19.068147
  9.668488
 12.044858
 66.438715
 99.000000
 99.000000
 99.000000
 38.681023
  0.157969
 -3.027798
 -0.555617
 16.263266
 84.741998
 99.000000
 83.930295
  6.579713
 -3.386334
 -4.617624
 -3.857136
  1.336876
 22.534235
 51.583127
 18.620990
  9.042751
  3.127561
 -0.986295
 -2.875418
 -1.944109
 10.973237
 99.000000
 99.000000
 99.000000
 99.000000
 99.000000
 99.000000
 99.000000
 99.000000
 99.000000
 99.000000
 99.000000
 99.000000
 99.000000
 99.000000
 99.000000
 99.000000
 99.000000
 99.000000
 52.246395
 49.604564
 37.576003
 45.589127
 99.000000
 99.000000
 99.000000
 99.000000
 36.317583
 10.798948
  6.443671
 10.485636
 56.417756
 99.000000
 99.000000
 99.000000
 24.056627
 -0.525463
 -2.887303
 -1.110315
 10.385200
 44.933440
 99.000000
 99.000000
  8.153716
 -3.713182
 -4.882667
 -4.259204
 -0.976388
  8.910664
 99.000000
 21.675669
 -0.647083
 -4.381013
 -4.999765
 -4.945596
 -3.776491
  2.428573
 20.687256
 10.232501
  6.324886
  2.025904
 -1.397136
 -3.196645
 -3.110264
  7.408140
 99.000000
 99.000000
 99.000000
 99.000000
 90.738358
 99.000000
 99.000000
 99.000000
 99.000000
 88.151162
 43.331110
 19.905706
 36.523199
 99.000000
 99.000000
 99.000000
 99.000000
 37.505945
  5.055562
  0.979288
  8.598139
 86.153891
 99.000000
 99.000000
 99.000000
 50.727424
  2.145091
 -3.579496
 -2.035965
 12.141426
 93.440730
 99.000000
 99.000000
 41.374321
  0.511856
 -4.771728
 -4.881994
 -2.634960
  5.856224
 27.381419
 99.000000
 17.217171
 -2.253496
 -5.147168
 -5.379755
 -5.047803
 -3.939765
 -1.131133
 34.328763
  3.415495
 -3.250618
 -4.811605
 -5.209778
 -5.294212
 -4.981015
 -2.157814
 16.561319
  9.513755
  4.922502
  0.631274
 -2.251235
 -3.762754
 -3.955595
  2.713212
 99.000000
 99.000000
 99.000000
 99.000000
 99.000000
 99.000000
 99.000000
 99.000000
 99.000000
 99.000000
 78.508370
 35.154868
 95.758888
 99.000000
 99.000000
 99.000000
 99.000000
 15.600837
  2.484446
  1.163987
 23.358636
 99.000000
 99.000000
 99.000000
 99.000000
 10.760741
 -3.633305
 -4.546038
  0.866802
 30.690797
 99.000000
 99.000000
 99.000000
  8.000900
 -3.897720
 -5.330370
 -4.464307
 -0.176386
 13.294897
 44.186036
 54.340212
  4.308833
 -3.131816
 -4.951066
 -5.301679
 -4.872012
 -3.603385
 -1.310356
 32.531249
 11.030728
  1.481611
 -3.275966
 -4.986081
 -5.398489
 -5.303858
 -4.058107
 99.000000
 61.266645
 23.099894
  4.196971
 -2.308165
 -4.332690
 -4.707579
 -1.616352
 99.000000
 99.000000
 99.000000
 99.000000
 99.000000
 99.000000
 99.000000
 99.000000
 99.000000
 99.000000
 99.000000
 99.000000
 99.000000
 99.000000
 99.000000
 99.000000
 54.845655
 15.398397
 10.400766
 11.746298
 65.575166
 99.000000
 99.000000
 99.000000
 58.725534
  4.245172
 -2.141323
 -1.964405
 10.851935
 78.303973
 99.000000
 99.000000
 51.892718
 10.610059
  1.461881
 -2.771743
 -2.072090
  7.000920
 31.411024
 69.093225
 54.360106
 29.312710
 11.959961
  0.400878
 -3.809675
 -3.815493
 -1.598600
  1.294968
 99.000000
 99.000000
 40.656361
  8.301155
 -2.533340
 -5.038092
 -5.208702
 -4.542260
 99.000000
 99.000000
 99.000000
 34.535501
  2.130173
 -4.130402
 -4.787238
 -2.787790
 99.000000
 99.000000
 99.000000
 99.000000
 99.000000
 99.000000
 99.000000
 99.000000
 99.000000
 99.000000
 99.000000
 99.000000
 99.000000
 99.000000
 99.000000
 99.000000
 55.006724
 35.193109
 36.431592
 38.391987
 99.000000
 99.000000
 99.000000
 99.000000
 50.426174
 32.751654
 16.427123
  8.273241
 37.567552
 99.000000
 99.000000
 99.000000
 99.000000
 99.000000
 71.329317
 18.056182
  6.405207
 26.924538
 92.726929
 99.000000
 99.000000
 99.000000
 99.000000
 46.054011
  5.379439
 -0.429364
  3.583054
  8.904124
 99.000000
 99.000000
 99.000000
 84.558699
 11.197321
 -2.753486
 -4.268233
 -3.167350
 99.000000
 99.000000
 99.000000
 99.000000
 24.096127
 -1.068252
 -2.845178
  2.396088
 99.000000
 99.000000
 99.000000
 99.000000
 99.000000
 99.000000
 99.000000
 99.000000
 99.000000
 99.000000
 99.000000
 99.000000
 99.000000
 99.000000
 99.000000
 99.000000
 99.000000
 92.393417
 88.271911
 81.012720
 99.000000
 99.000000
 99.000000
 99.000000
 99.000000
 99.000000
 99.000000
 52.743793
 88.594807
 99.000000
 99.000000
 99.000000
 99.000000
 99.000000
 99.000000
 99.000000
 37.986357
 63.201859
 99.000000
 99.000000
 99.000000
 99.000000
 99.000000
 99.000000
 57.177581
  9.197257
 12.208770
 22.240421
 99.000000
 99.000000
 99.000000
 99.000000
 81.814469
  6.749560
 -0.785634
  3.611272
 99.000000
 99.000000
 99.000000
 99.000000
 99.000000
 10.837781
  5.078298
 26.558316
 99.000000
 99.000000
 99.000000
 99.000000
 99.000000
 99.000000
 99.000000
 99.000000
 99.000000
 99.000000
 99.000000
 99.000000
 99.000000
 99.000000
 99.000000
 99.000000
 99.000000
 99.000000
 99.000000
 99.000000
 99.000000
 99.000000
 99.000000
 99.000000
 99.000000
 99.000000
 99.000000
 99.000000
 99.000000
 99.000000
 99.000000
 99.000000
 99.000000
 99.000000
 99.000000
 99.000000
 99.000000
 95.530211
 99.000000
 99.000000
 99.000000
 99.000000
 99.000000
 99.000000
 99.000000
 40.042013
 20.776459
 35.324465
 99.000000
 99.000000
 99.000000
 99.000000
 99.000000
 41.086953
 12.934343
 43.731102
 99.000000
 99.000000
 99.000000
 99.000000
 99.000000
 49.494124
 37.734314
 99.000000
 99.000000
 99.000000
 99.000000
 99.000000
 99.000000
 99.000000
 99.000000
 99.000000
 99.000000
 99.000000
 99.000000
 99.000000
 99.000000
 99.000000
 99.000000
 99.000000
 99.000000
 99.000000
 99.000000
 99.000000
 99.000000
 54.872965
 99.000000
 99.000000
 99.000000
 99.000000
 54.306422
 37.008513
 22.930643
 12.719379
 69.131145
 99.000000
 99.000000
 99.000000
 26.536817
  1.564944
 -0.735895
  0.084870
 16.536429
 96.725718
 99.000000
 99.000000
  7.502164
 -2.799294
 -3.456579
 -2.834328
  1.824023
 22.389318
 99.000000
 20.083034
 -1.265812
 -3.571320
 -3.725286
 -3.564530
 -2.347546
  3.475431
 10.251559
  1.539718
 -0.684785
 -2.117029
 -3.134066
 -3.617147
 -3.499117
 -0.112664
 96.827295
 99.000000
 77.967589
 75.327573
 55.550202
 54.495401
 99.000000
 99.000000
 99.000000
 24.008716
 22.890659
 30.991671
 22.586758
 27.335246
 99.000000
 99.000000
 99.000000
 53.562280
  9.237021
  8.748241
  5.494640
  7.428232
 64.977335
 99.000000
 99.000000
 99.000000
  5.918384
 -0.818268
 -1.893325
 -0.984051
 11.581940
 61.293354
 99.000000
 82.062136
  3.224693
 -3.119361
 -3.597455
 -3.261065
 -0.406394
  9.173308
 99.000000
 27.266310
 -0.829702
 -3.589749
 -3.716997
 -3.629219
 -3.025581
 -0.682908
 32.736358
  2.326632
 -3.207246
 -3.783683
 -3.747061
 -3.735329
 -3.631800
 -2.312071
  1.193220
 -1.033915
 -1.627844
 -2.525290
 -3.264082
 -3.655891
 -3.724695
 -0.999892
 99.000000
 99.000000
 99.000000
 31.551835
 19.434418
 99.000000
 99.000000
 99.000000
 44.607562
 19.313598
  6.875122
  0.386819
  4.891300
 89.480912
 99.000000
 99.000000
 86.087945
  5.844991
 -2.848666
 -3.739099
 -1.848236
 18.961337
 99.000000
 99.000000
 99.000000
 10.263742
 -2.941909
 -4.164422
 -3.810713
 -0.451429
 20.913826
 99.000000
 99.000000
  7.855710
 -2.988301
 -3.992522
 -3.939505
 -3.572605
 -1.804007
  3.327475
 36.478671
  1.084580
 -3.586441
 -3.901451
 -3.783592
 -3.758040
 -3.744236
 -3.459902
  5.079209
 -2.861129
 -3.990885
 -3.956421
 -3.815135
 -3.782989
 -3.850579
 -3.436427
 -0.353405
 -1.550176
 -2.291427
 -3.067262
 -3.539555
 -3.774206
 -3.863172
 -2.238221
 99.000000
 99.000000
 99.000000
 76.785048
 72.335119
 99.000000
 99.000000
 99.000000
 47.470577
 36.562525
 17.003420
  4.671199
 22.702547
 99.000000
 99.000000
 99.000000
 35.369352
 -0.083765
 -3.384150
 -3.619101
  2.451267
 55.966473
 99.000000
 99.000000
 50.521849
 -0.825582
 -4.386366
 -4.393130
 -3.039772
  4.791376
 46.410554
 99.000000
 34.768972
 -1.500025
 -4.198142
 -4.208637
 -3.914206
 -2.985498
  0.193488
  7.943634
 11.277170
 -2.691876
 -4.016046
 -4.030249
 -3.898510
 -3.793329
 -3.679492
 -3.473194
  4.185037
 -0.984208
 -2.985695
 -3.797346
 -3.920298
 -3.887020
 -3.935680
 -3.890612
 24.776754
 13.795586
  2.774453
 -2.290458
 -3.686079
 -3.964692
 -4.034031
 -3.407806
 99.000000
 99.000000
 99.000000
 99.000000
 99.000000
 99.000000
 99.000000
 99.000000
 44.068021
 51.922097
 43.029542
 24.948620
 69.434649
 99.000000
 99.000000
 99.000000
 11.162879
 -0.404569
 -1.484090
 -0.982733
 15.002375
 99.000000
 99.000000
 99.000000
 12.947677
 -2.983178
 -4.290990
 -4.011839
 -0.399380
 19.332318
 94.786943
 99.000000
 10.298560
 -1.281236
 -3.179823
 -3.926406
 -3.579557
 -1.120198
  5.579450
 15.830297
  9.971302
  3.689240
 -0.449129
 -3.092768
 -3.877255
 -3.756606
 -3.262557
 -2.771342
 39.513249
 24.792594
  7.724132
 -1.110923
 -3.650790
 -4.037464
 -4.047235
 -4.072999
 99.000000
 99.000000
 50.419488
  6.295203
 -2.751530
 -4.100522
 -4.150106
 -3.766517
 99.000000
 99.000000
 99.000000
 99.000000
 99.000000
 99.000000
 99.000000
 99.000000
 68.251374
 99.000000
 99.000000
 99.000000
 99.000000
 99.000000
 99.000000
 99.000000
 10.499890
  4.616736
  5.263341
  6.123816
 51.670126
 99.000000
 99.000000
 99.000000
  8.886183
  4.290715
  0.164034
 -1.780945
  7.265291
 75.075381
 99.000000
 99.000000
 42.097144
 39.017969
 15.777384
  1.109789
 -1.755217
  4.588051
 24.730130
 49.963940
 99.000000
 99.000000
 51.899204
  8.907771
 -2.018458
 -3.251710
 -2.009528
 -0.629917
 99.000000
 99.000000
 99.000000
 20.084321
 -0.511664
 -3.889360
 -4.101988
 -3.896586
 99.000000
 99.000000
 99.000000
 53.401795
  3.026369
 -3.683352
 -3.905079
 -2.468910
 99.000000
 99.000000
 99.000000
 99.000000
 99.000000
 99.000000
 99.000000
 99.000000
 99.000000
 99.000000
 99.000000
 99.000000
 99.000000
 99.000000
 99.000000
 99.000000
 40.923076
 20.197377
 19.263988
 17.851980
 99.000000
 99.000000
 99.000000
 99.000000
 92.760229
 88.794535
 39.117365
 10.138008
 22.339243
 99.000000
 99.000000
 99.000000
 99.000000
 99.000000
 99.000000
 47.451760
  6.536784
 15.277223
 65.202981
 99.000000
 99.000000
 99.000000
 99.000000
 99.000000
 11.874368
 -1.175576
  0.149960
  3.159150
 99.000000
 99.000000
 99.000000
 99.000000
 18.957194
 -1.962013
 -3.642450
 -2.329248
 99.000000
 99.000000
 99.000000
 99.000000
 29.140390
 -1.017898
 -2.175516
  4.316902
 99.000000
 99.000000
 99.000000
 99.000000
 99.000000
 99.000000
 99.000000
 99.000000
 99.000000
 99.000000
 99.000000
 99.000000
 99.000000
 99.000000
 99.000000
 99.000000
 99.000000
 63.571267
 46.883736
 31.092818
 99.000000
 99.000000
 99.000000
 99.000000
 99.000000
 99.000000
 99.000000
 81.282156
 41.391526
 99.000000
 99.000000
 99.000000
 99.000000
 99.000000
 99.000000
 99.000000
 50.034958
 24.418127
 84.503921
 99.000000
 99.000000
 99.000000
 99.000000
 99.000000
 93.356942
  7.050456
  2.091386
  6.687294
 99.000000
 99.000000
 99.000000
 99.000000
 99.000000
  7.080614
 -0.326937
  9.403802
 99.000000
 99.000000
 99.000000
 99.000000
 99.000000
  9.360392
  6.868088
 47.698181
  0.000000
  0.000000
  0.000000
  0.000000
  0.000000
  0.000000
  0.000000
  0.000000
  0.000000
  0.000000
  0.000000
  0.000000
  0.000000
  0.000000
  0.000000
  0.000000
  0.000000
  0.000000
  0.000000
  0.000000
  0.000000
  0.000000
  0.000000
  0.000000
  0.000000
  0.000000
  0.000000
  0.000000
  0.000000
  0.000000
  0.000000
  0.000000
  0.000000
  0.000000
  0.000000
  0.000000
  0.000000
  0.000000
  0.000000
  0.000000
  0.000000
  0.000000
  0.000000
  0.000000
  0.000000
  0.000000
  0.000000
  0.000000
  0.000000
  0.000000
  0.000000
  0.000000
  0.000000
  0.000000
  0.000000
  0.000000
  0.000000
  0.000000
  0.000000
  0.000000
  0.000000
  0.000000
  0.000000
  0.000000
  0.000000
  0.000000
  0.000000
  0.000000
  0.000000
  0.000000
  0.000000
  0.000000
  0.000000
  0.000000
  0.000000
  0.000000
  0.000000
  0.000000
  0.000000
  0.000000
  0.000000
  0.000000
  0.000000
  0.000000
  0.000000
  0.000000
  0.000000
  0.000000
  0.000000
  0.000000
  0.000000
  0.000000
  0.000000
  0.000000
  0.000000
  0.000000
  0.000000
  0.000000
  0.000000
  0.000000
  0.000000
  0.000000
  0.000000
  0.000000
  0.000000
  0.000000
  0.000000
  0.000000
  0.000000
  0.000000
  0.000000
  0.000000
  0.000000
  0.000000
  0.000000
  0.000000
  0.000000
  0.000000
  0.000000
  0.000000
  0.000000
  0.000000
  0.000000
  0.000000
  0.000000
  0.000000
  0.000000
  0.000000
  0.000000
  0.000000
  0.000000
  0.000000
  0.000000
  0.000000
  0.000000
  0.000000
  0.000000
  0.000000
  0.000000
  0.000000
  0.000000
  0.000000
  0.000000
  0.000000
  0.000000
  0.000000
  0.000000
  0.000000
  0.000000
  0.000000
  0.000000
  0.000000
  0.000000
  0.000000
  0.000000
  0.000000
  0.000000
  0.000000
  0.000000
  0.000000
  0.000000
  0.000000
  0.000000
  0.000000
  0.000000
  0.000000
  0.000000
  0.000000
  0.000000
  0.000000
  0.000000
  0.000000
  0.000000
  0.000000
  0.000000
  0.000000
  0.000000
  0.000000
  0.000000
  0.000000
  0.000000
  0.000000
  0.000000
  0.000000
  0.000000
  0.000000
  0.000000
  0.000000
  0.000000
  0.000000
  0.000000
  0.000000
  0.000000
  0.000000
  0.000000
  0.000000
  0.000000
  0.000000
  0.000000
  0.000000
  0.000000
  0.000000
  0.000000
  0.000000
  0.000000
  0.000000
  0.000000
  0.000000
  0.000000
  0.000000
  0.000000
  0.000000
  0.000000
  0.000000
  0.000000
  0.000000
  0.000000
  0.000000
  0.000000
  0.000000
  0.000000
  0.000000
  0.000000
  0.000000
  0.000000
  0.000000
  0.000000
  0.000000
  0.000000
  0.000000
  0.000000
  0.000000
  0.000000
  0.000000
  0.000000
  0.000000
  0.000000
  0.000000
  0.000000
  0.000000
  0.000000
  0.000000
  0.000000
  0.000000
  0.000000
  0.000000
  0.000000
  0.000000
  0.000000
  0.000000
  0.000000
  0.000000
  0.000000
  0.000000
  0.000000
  0.000000
  0.000000
  0.000000
  0.000000
  0.000000
  0.000000
  0.000000
  0.000000
  0.000000
  0.000000
  0.000000
  0.000000
  0.000000
  0.000000
  0.000000
  0.000000
  0.000000
  0.000000
  0.000000
  0.000000
  0.000000
  0.000000
  0.000000
  0.000000
  0.000000
  0.000000
  0.000000
  0.000000
  0.000000
  0.000000
  0.000000
  0.000000
  0.000000
  0.000000
  0.000000
  0.000000
  0.000000
  0.000000
  0.000000
  0.000000
  0.000000
  0.000000
  0.000000
  0.000000
  0.000000
  0.000000
  0.000000
  0.000000
  0.000000
  0.000000
  0.000000
  0.000000
  0.000000
  0.000000
  0.000000
  0.000000
  0.000000
  0.000000
  0.000000
  0.000000
  0.000000
  0.000000
  0.000000
  0.000000
  0.000000
  0.000000
  0.000000
  0.000000
  0.000000
  0.000000
  0.000000
  0.000000
  0.000000
  0.000000
  0.000000
  0.000000
  0.000000
  0.000000
  0.000000
  0.000000
  0.000000
  0.000000
  0.000000
  0.000000
  0.000000
  0.000000
  0.000000
  0.000000
  0.000000
  0.000000
  0.000000
  0.000000
  0.000000
  0.000000
  0.000000
  0.000000
  0.000000
  0.000000
  0.000000
  0.000000
  0.000000
  0.000000
  0.000000
  0.000000
  0.000000
  0.000000
  0.000000
  0.000000
  0.000000
  0.000000
  0.000000
  0.000000
  0.000000
  0.000000
  0.000000
  0.000000
  0.000000
  0.000000
  0.000000
  0.000000
  0.000000
  0.000000
  0.000000
  0.000000
  0.000000
  0.000000
  0.000000
  0.000000
  0.000000
  0.000000
  0.000000
  0.000000
  0.000000
  0.000000
  0.000000
  0.000000
  0.000000
  0.000000
  0.000000
  0.000000
  0.000000
  0.000000
  0.000000
  0.000000
  0.000000
  0.000000
  0.000000
  0.000000
  0.000000
  0.000000
  0.000000
  0.000000
  0.000000
  0.000000
  0.000000
  0.000000
  0.000000
  0.000000
  0.000000
  0.000000
  0.000000
  0.000000
  0.000000
  0.000000
  0.000000
  0.000000
  0.000000
  0.000000
  0.000000
  0.000000
  0.000000
  0.000000
  0.000000
  0.000000
  0.000000
  0.000000
  0.000000
  0.000000
  0.000000
  0.000000
  0.000000
  0.000000
  0.000000
  0.000000
  0.000000
  0.000000
  0.000000
  0.000000
  0.000000
  0.000000
  0.000000
  0.000000
  0.000000
  0.000000
  0.000000
  0.000000
  0.000000
  0.000000
  0.000000
  0.000000
  0.000000
  0.000000
  0.000000
  0.000000
  0.000000
  0.000000
  0.000000
  0.000000
  0.000000
  0.000000
  0.000000
  0.000000
  0.000000
  0.000000
  0.000000
  0.000000
  0.000000
  0.000000
  0.000000
  0.000000
  0.000000
  0.000000
  0.000000
  0.000000
  0.000000
  0.000000
  0.000000
  0.000000
  0.000000
  0.000000
  0.000000
  0.000000
  0.000000
  0.000000
  0.000000
  0.000000
  0.000000
  0.000000
  0.000000
  0.000000
  0.000000
  0.000000
  0.000000
  0.000000
  0.000000
  0.000000
  0.000000
  0.000000
  0.000000
  0.000000
  0.000000
  0.000000
  0.000000
  0.000000
  0.000000
  0.000000
  0.000000
