 0.021213203435596
 0.021213203435596
 0.021213203435596
 0.021213203435596
 0.021213203435596
 0.016776626928388
 0.009638332118048
 0.004375562619847
 0.021213203435596
 0.021213203435596
 0.021213203435596
 0.021213203435596
 0.021213203435596
 0.014670021476945
 0.008091547819551
 0.003726056757056
 0.021213203435596
 0.021213203435596
 0.021213203435596
 0.021213203435596
 0.020829800710982
 0.011937463889592
 0.007223088698753
 0.004172658328985
 0.021213203435596
 0.021213203435596
 0.021213203435596
 0.018762328905597
 0.013668902053635
 0.009437141382384
 0.006618592539371
 0.004699514163793
 0.021213203435596
 0.020083701704387
 0.015369248731802
 0.012427246115862
 0.009867743485349
 0.007703209488898
 0.006071652515191
 0.004903820882868
 0.009592707231739
 0.011431081153594
 0.010543937914849
 0.009115636428608
 0.007697882618048
 0.006469885626501
 0.005505123276385
 0.004800015250603
 0.007724660751852
 0.008275994265930
 0.007870136186732
 0.007043674495162
 0.006181765540651
 0.005452898726314
 0.004899729091392
 0.004504597822065
 0.007197380652976
 0.006848204253358
 0.006223810109861
 0.005495902603959
 0.004884307092494
 0.004484266145319
 0.004261760854483
 0.004133093347791
 0.021213203435596
 0.021213203435596
 0.021213203435596
 0.021213203435596
 0.021213203435596
 0.016550088772112
 0.007978370664942
-0.002728182953164
 0.021213203435596
 0.021213203435596
 0.021213203435596
 0.021213203435596
 0.021213203435596
 0.014648860128478
 0.007167161266642
-0.001337699894368
 0.021213203435596
 0.021213203435596
 0.021213203435596
 0.021213203435596
 0.018516915711837
 0.012601448942475
 0.007310175969924
 0.002180415614050
 0.021213203435596
 0.021213203435596
 0.021213203435596
 0.018116561280891
 0.014316800426539
 0.010620583575649
 0.007325126564065
 0.004448703388506
 0.021213203435596
 0.019062047900152
 0.016069670997120
 0.013560874993179
 0.011188687305790
 0.008955691231491
 0.006977541154705
 0.005332261595870
 0.013466982997986
 0.013161387946080
 0.011924172639600
 0.010446816798453
 0.008971445570576
 0.007601522820189
 0.006406677351330
 0.005434688369911
 0.010540199676764
 0.010047101120397
 0.009235868151400
 0.008263245130665
 0.007307613886589
 0.006460089840794
 0.005751125725560
 0.005185664217994
 0.009160924260449
 0.008255521167828
 0.007376889137942
 0.006567713849678
 0.005914224618922
 0.005437318807137
 0.005095336040271
 0.004832117898469
 0.021213203435596
 0.021213203435596
 0.021213203435596
 0.021213203435596
 0.021213203435596
 0.017002083211996
 0.005896700155390
-0.020528049963179
 0.021213203435596
 0.021213203435596
 0.021213203435596
 0.021213203435596
 0.021213203435596
 0.014953316737759
 0.005777175539379
-0.011820044095002
 0.021213203435596
 0.021213203435596
 0.021213203435596
 0.021213203435596
 0.018139181626822
 0.013166901022186
 0.007237723452336
-0.000688113893044
 0.021213203435596
 0.021213203435596
 0.020708411689856
 0.017924664285119
 0.014813960133323
 0.011496599311152
 0.007972588888258
 0.004289663288068
 0.019553036921523
 0.018140904609874
 0.016265723423271
 0.014223033353780
 0.012090161242202
 0.009936038215063
 0.007827886556556
 0.005886887870761
 0.015267797765118
 0.014172185305144
 0.012854291471011
 0.011408703580756
 0.009948650643253
 0.008543730820771
 0.007244987795766
 0.006118967387414
 0.012649744335630
 0.011484074092563
 0.010371783341115
 0.009276920414329
 0.008254472293005
 0.007336322421905
 0.006532657852254
 0.005856840546134
 0.011059741670667
 0.009620076977745
 0.008471087384353
 0.007551784929200
 0.006841144970895
 0.006291426017065
 0.005848569754289
 0.005476817791934
 0.021213203435596
 0.021213203435596
 0.021213203435596
 0.021213203435596
 0.021213203435596
 0.020073698500927
 0.009986935761173
-0.021213203435596
 0.021213203435596
 0.021213203435596
 0.021213203435596
 0.021213203435596
 0.021213203435596
 0.017332002736468
 0.008381280108862
-0.016622536576126
 0.021213203435596
 0.021213203435596
 0.021213203435596
 0.021213203435596
 0.019257930620676
 0.014901606018851
 0.009219401991253
-0.000041808867185
 0.021213203435596
 0.021213203435596
 0.020886463534146
 0.018506059265959
 0.015762859721550
 0.012817015159000
 0.009488404267233
 0.005605855351646
 0.019554323855865
 0.018348687937525
 0.016787921781178
 0.014941013079767
 0.012978105868396
 0.010986287418237
 0.008967235928441
 0.006983325288175
 0.016373479425656
 0.015096793417943
 0.013697591732535
 0.012223625290364
 0.010780740904801
 0.009411522903702
 0.008125672792811
 0.006964497392086
 0.014147983396811
 0.012692705786868
 0.011359472449863
 0.010131770086377
 0.009046309322287
 0.008095677323154
 0.007257908993445
 0.006533430956139
 0.012802316765806
 0.010994327222339
 0.009566683344697
 0.008467589562573
 0.007649066322662
 0.007018239864243
 0.006497868198619
 0.006052065657352
 0.021213203435596
 0.021213203435596
 0.021213203435596
 0.021213203435596
 0.021213203435596
 0.021213203435596
 0.021213203435596
 0.021213203435596
 0.021213203435596
 0.021213203435596
 0.021213203435596
 0.021213203435596
 0.021213203435596
 0.021213203435596
 0.018544280744269
 0.007444764317868
 0.021213203435596
 0.021213203435596
 0.021213203435596
 0.021213203435596
 0.021181989385488
 0.017984155536114
 0.014588239864127
 0.008621694057678
 0.021213203435596
 0.021213203435596
 0.021213203435596
 0.019511454328509
 0.017028095312981
 0.014691788581164
 0.012267274991967
 0.009270056764271
 0.020570700286726
 0.019546965231060
 0.017761711527395
 0.015757865190887
 0.013873842812026
 0.012152403137869
 0.010483796126323
 0.008771520556050
 0.017644303517446
 0.016394230652190
 0.014641357725530
 0.012928070992560
 0.011463747130098
 0.010198509181172
 0.009045397154539
 0.007970792837034
 0.015329403264682
 0.013822832128831
 0.012197933743510
 0.010770523211813
 0.009631055989270
 0.008701509913645
 0.007899052140509
 0.007189906534299
 0.014396411222246
 0.012380730275008
 0.010588671846614
 0.009224651081064
 0.008269392246088
 0.007573148981847
 0.007014760898880
 0.006538041292352
 0.021213203435596
 0.021213203435596
 0.021213203435596
 0.021213203435596
 0.021213203435596
 0.021213203435596
 0.021213203435596
 0.021213203435596
 0.021213203435596
 0.021213203435596
 0.021213203435596
 0.021213203435596
 0.021213203435596
 0.021213203435596
 0.021213203435596
 0.021213203435596
 0.021213203435596
 0.021213203435596
 0.021213203435596
 0.021213203435596
 0.021213203435596
 0.021213203435596
 0.021213203435596
 0.021213203435596
 0.021213203435596
 0.021213203435596
 0.021213203435596
 0.020427346172189
 0.018123976473532
 0.016626050896828
 0.015653642364914
 0.014228117451536
 0.021213203435596
 0.021213203435596
 0.019433856430341
 0.016477440621413
 0.014532048445013
 0.013176736877513
 0.012055081674788
 0.010826952689738
 0.021213203435596
 0.019512689408589
 0.015875320340816
 0.013335199507176
 0.011821894357275
 0.010757088182970
 0.009845672325215
 0.008952450325646
 0.016614857396482
 0.014870382540888
 0.012541729060523
 0.010889929977165
 0.009836586003076
 0.009052234877113
 0.008373923841550
 0.007743721993886
 0.015713048763096
 0.013319987283526
 0.011043058664205
 0.009503760269734
 0.008546123198479
 0.007885091495154
 0.007360026997997
 0.006904699728388
 0.021213203435596
 0.021213203435596
 0.021213203435596
 0.021213203435596
 0.021213203435596
 0.021213203435596
 0.021213203435596
 0.021213203435596
 0.021213203435596
 0.021213203435596
 0.021213203435596
 0.021213203435596
 0.021213203435596
 0.021213203435596
 0.021213203435596
 0.021213203435596
 0.021213203435596
 0.021213203435596
 0.021213203435596
 0.021213203435596
 0.021213203435596
 0.021213203435596
 0.021213203435596
 0.021213203435596
 0.021213203435596
 0.021213203435596
 0.021213203435596
 0.020546460666267
 0.018385726190724
 0.017739998635638
 0.018236623298056
 0.018349503467818
 0.021213203435596
 0.021213203435596
 0.021213203435596
 0.016627578247476
 0.014571238659613
 0.013641954214204
 0.013086507695446
 0.012346958855139
 0.021213203435596
 0.021213203435596
 0.017189035173873
 0.012818021607417
 0.011561412718715
 0.010881442338297
 0.010287255796492
 0.009618441204293
 0.017280572503485
 0.013944334287043
 0.010553495641744
 0.009699965901883
 0.009401613980910
 0.009030840183408
 0.008583769563509
 0.008089923830742
 0.014291674565816
 0.011154321916224
 0.009341274202485
 0.008682377961640
 0.008282339371251
 0.007887738432010
 0.007498504433238
 0.007123127369883
 0.021213203435596
 0.021213203435596
 0.021213203435596
 0.021213203435596
 0.021213203435596
 0.021213203435596
 0.021213203435596
 0.021213203435596
 0.021213203435596
 0.021213203435596
 0.021213203435596
 0.021213203435596
 0.021213203435596
 0.021213203435596
 0.021213203435596
 0.021213203435596
 0.021213203435596
 0.021213203435596
 0.021213203435596
 0.021213203435596
 0.021213203435596
 0.021213203435596
 0.021213203435596
 0.021213203435596
 0.021213203435596
 0.021213203435596
 0.021213203435596
 0.019239531702229
 0.017387741607242
 0.017246058621495
 0.018365257806903
 0.019087890295510
 0.021213203435596
 0.021213203435596
 0.021213203435596
 0.015376762920099
 0.013786915817921
 0.013271958233454
 0.013075436760040
 0.012636413016018
 0.021213203435596
 0.021213203435596
 0.012332779006682
 0.010183737720513
 0.010556430134886
 0.010488057622719
 0.010211618940895
 0.009757934515805
-0.005189546234223
-0.012075653767839
-0.000974494496211
 0.006095109604617
 0.008239590052047
 0.008616263477599
 0.008480633325899
 0.008167599510655
 0.000247435519154
-0.002808309936821
 0.002490465438678
 0.006274545021411
 0.007457037334095
 0.007585820335366
 0.007424995969053
 0.007189449272385
 0.021213203435596
 0.021213203435596
 0.021213203435596
 0.021213203435596
 0.021213203435596
 0.021213203435596
 0.021213203435596
 0.021213203435596
 0.021213203435596
 0.021213203435596
 0.021213203435596
 0.021213203435596
 0.021213203435596
 0.021213203435596
 0.021213203435596
 0.021213203435596
 0.021213203435596
 0.021213203435596
 0.021213203435596
 0.021213203435596
 0.021213203435596
 0.021213203435596
 0.021213203435596
 0.021213203435596
 0.021213203435596
 0.021213203435596
 0.021213203435596
 0.021213203435596
 0.021213203435596
 0.021213203435596
 0.021213203435596
 0.021213203435596
 0.021213203435596
 0.021213203435596
 0.021213203435596
 0.021213203435596
 0.021213203435596
 0.021213203435596
 0.021213203435596
 0.021213203435596
 0.021213203435596
 0.021213203435596
 0.021213203435596
 0.000372336503488
-0.007136588326210
-0.001309601828377
 0.021213203435596
 0.021213203435596
 0.021213203435596
 0.021213203435596
 0.015508532268773
-0.007981665782542
-0.010883844144566
-0.009091356738529
 0.003151046950449
 0.021213203435596
 0.021213203435596
 0.021213203435596
 0.021213203435596
 0.007371731972013
-0.002324719609168
-0.006777425222055
-0.004582308857317
 0.021213203435596
 0.021213203435596
 0.021213203435596
 0.021213203435596
 0.021213203435596
 0.021213203435596
 0.021213203435596
 0.021213203435596
 0.021213203435596
 0.021213203435596
 0.021213203435596
 0.021213203435596
 0.021213203435596
 0.021213203435596
 0.021213203435596
 0.021213203435596
 0.021213203435596
 0.021213203435596
 0.021213203435596
 0.021213203435596
 0.021213203435596
 0.021213203435596
 0.021213203435596
 0.021213203435596
 0.021213203435596
 0.021213203435596
 0.021213203435596
 0.021213203435596
 0.021213203435596
 0.015187878199215
 0.021213203435596
 0.021213203435596
 0.021213203435596
 0.021213203435596
 0.021213203435596
 0.021213203435596
-0.001238528168306
-0.006805438435232
-0.002617037552510
 0.021213203435596
 0.021213203435596
 0.021213203435596
 0.021213203435596
 0.019218492917995
-0.008752053906364
-0.011508556486822
-0.010039040103092
-0.002301368586466
 0.021002636464014
 0.021213203435596
 0.021213203435596
-0.001525189257399
-0.010326146669457
-0.011784559119228
-0.011656881562030
-0.008901274650398
 0.005724201456119
 0.021213203435596
 0.021213203435596
 0.014907899269204
 0.004775101521207
-0.003293081132799
-0.007534564521585
-0.007330962552504
 0.017461153433264
 0.021213203435596
 0.021213203435596
 0.021213203435596
 0.021213203435596
 0.021213203435596
 0.021213203435596
 0.021213203435596
 0.021213203435596
 0.021213203435596
 0.021213203435596
 0.021213203435596
 0.021213203435596
 0.021213203435596
 0.021213203435596
 0.021213203435596
 0.021213203435596
 0.021213203435596
 0.021213203435596
 0.011916073909461
 0.002308203951546
 0.020266007974713
 0.021213203435596
 0.021213203435596
 0.021213203435596
 0.021213203435596
 0.021213203435596
 0.005056027974305
-0.008436952982531
-0.004798815525862
 0.021213203435596
 0.021213203435596
 0.021213203435596
 0.021213203435596
 0.021213203435596
 0.001206456162206
-0.011247070755926
-0.011506970210138
-0.006210660280518
 0.013803252342060
 0.021213203435596
 0.021213203435596
 0.021213203435596
-0.005311541009687
-0.012131991322590
-0.012680204138976
-0.011897785771313
-0.009286115159271
-0.002666106048844
 0.021213203435596
 0.008050398918460
-0.007661780102588
-0.011341061746068
-0.012279564507824
-0.012478577353895
-0.011740364945404
-0.005086016372895
 0.021213203435596
 0.021213203435596
 0.011602448482014
 0.001487927087525
-0.005306211782051
-0.008868896230887
-0.009323426827328
 0.006395102013322
 0.021213203435596
 0.021213203435596
 0.021213203435596
 0.021213203435596
 0.021213203435596
 0.021213203435596
 0.021213203435596
 0.021213203435596
 0.021213203435596
 0.021213203435596
 0.021213203435596
 0.021213203435596
 0.021213203435596
 0.021213203435596
 0.021213203435596
 0.021213203435596
 0.021213203435596
 0.021213203435596
 0.005855895380542
 0.002743543669946
 0.021213203435596
 0.021213203435596
 0.021213203435596
 0.021213203435596
 0.021213203435596
 0.021213203435596
-0.008563782012299
-0.010715114324439
 0.002043071907154
 0.021213203435596
 0.021213203435596
 0.021213203435596
 0.021213203435596
 0.018858302152221
-0.009187014143888
-0.012563802577444
-0.010522472509760
-0.000415745788786
 0.021213203435596
 0.021213203435596
 0.021213203435596
 0.010156016777904
-0.007381761103664
-0.011669774475438
-0.012496177241679
-0.011483442410741
-0.008493259895517
-0.003088538710993
 0.021213203435596
 0.021213203435596
 0.003492190617033
-0.007721525912024
-0.011752305622151
-0.012724360599968
-0.012501313194404
-0.009565049928033
 0.021213203435596
 0.021213203435596
 0.021213203435596
 0.009892355514909
-0.005440397078422
-0.010212248265930
-0.011095870112905
-0.003809778199948
 0.021213203435596
 0.021213203435596
 0.021213203435596
 0.021213203435596
 0.021213203435596
 0.021213203435596
 0.021213203435596
 0.021213203435596
 0.021213203435596
 0.021213203435596
 0.021213203435596
 0.021213203435596
 0.021213203435596
 0.021213203435596
 0.021213203435596
 0.021213203435596
 0.021213203435596
 0.021213203435596
 0.021213203435596
 0.021213203435596
 0.021213203435596
 0.021213203435596
 0.021213203435596
 0.021213203435596
 0.021213203435596
 0.010005966361442
-0.005047146713133
-0.004630146988558
 0.021213203435596
 0.021213203435596
 0.021213203435596
 0.021213203435596
 0.021213203435596
 0.021213203435596
 0.003445686561528
-0.006533060903119
-0.004883962967665
 0.016501326688482
 0.021213203435596
 0.021213203435596
 0.021213203435596
 0.021213203435596
 0.021213203435596
 0.000944878507428
-0.008979490088959
-0.008993203246233
-0.003767936334918
 0.003052268847399
 0.021213203435596
 0.021213203435596
 0.021213203435596
 0.019566009974171
-0.005971139643739
-0.011874896724806
-0.012277028351266
-0.010706209493277
 0.021213203435596
 0.021213203435596
 0.021213203435596
 0.021213203435596
 0.005020865911571
-0.009735450877657
-0.011283628176513
-0.006570884044844
 0.021213203435596
 0.021213203435596
 0.021213203435596
 0.021213203435596
 0.021213203435596
 0.021213203435596
 0.021213203435596
 0.021213203435596
 0.021213203435596
 0.021213203435596
 0.021213203435596
 0.021213203435596
 0.021213203435596
 0.021213203435596
 0.021213203435596
 0.021213203435596
 0.021213203435596
 0.021213203435596
 0.021213203435596
 0.021213203435596
 0.021213203435596
 0.021213203435596
 0.021213203435596
 0.021213203435596
 0.021213203435596
 0.021213203435596
 0.021213203435596
 0.019500216044969
 0.021213203435596
 0.021213203435596
 0.021213203435596
 0.021213203435596
 0.021213203435596
 0.021213203435596
 0.021213203435596
 0.021213203435596
 0.015097217682012
 0.021213203435596
 0.021213203435596
 0.021213203435596
 0.021213203435596
 0.021213203435596
 0.021213203435596
 0.021213203435596
 0.012679459319362
-0.001012020653089
 0.008445339268956
 0.020987221536184
 0.021213203435596
 0.021213203435596
 0.021213203435596
 0.021213203435596
 0.021213203435596
-0.006490028741910
-0.010060321659712
-0.007465515544402
 0.021213203435596
 0.021213203435596
 0.021213203435596
 0.021213203435596
 0.021213203435596
-0.002517894110720
-0.006706148858512
 0.005647633577066
 0.021213203435596
 0.021213203435596
 0.021213203435596
 0.021213203435596
 0.021213203435596
 0.021213203435596
 0.021213203435596
 0.021213203435596
 0.021213203435596
 0.021213203435596
 0.021213203435596
 0.021213203435596
 0.021213203435596
 0.021213203435596
 0.021213203435596
 0.021213203435596
 0.021213203435596
 0.021213203435596
 0.021213203435596
 0.021213203435596
 0.021213203435596
 0.021213203435596
 0.021213203435596
 0.021213203435596
 0.021213203435596
 0.021213203435596
 0.021213203435596
 0.021213203435596
 0.021213203435596
 0.021213203435596
 0.021213203435596
 0.021213203435596
 0.021213203435596
 0.021213203435596
 0.021213203435596
 0.021213203435596
 0.021213203435596
 0.021213203435596
 0.021213203435596
 0.021213203435596
 0.021213203435596
 0.021213203435596
 0.021213203435596
 0.021213203435596
 0.021213203435596
 0.021213203435596
 0.021213203435596
 0.021213203435596
 0.021213203435596
 0.021213203435596
 0.021213203435596
 0.021213203435596
 0.021213203435596
 0.015908865486516
-0.001851757096436
 0.008511849732795
 0.021213203435596
 0.021213203435596
 0.021213203435596
 0.021213203435596
 0.021213203435596
 0.021213203435596
 0.011969663175620
 0.021213203435596
 0.021213203435596
 0.021213203435596
 0.021213203435596
 0.021213203435596
 0.021213203435596
 0.021213203435596
 0.021213203435596
 0.021213203435596
 0.021213203435596
 0.021213203435596
 0.021213203435596
 0.021213203435596
 0.021213203435596
 0.021213203435596
 0.021213203435596
 0.021213203435596
 0.021213203435596
 0.021213203435596
 0.021213203435596
 0.021213203435596
 0.021213203435596
 0.021213203435596
 0.021213203435596
 0.021213203435596
 0.021213203435596
 0.021213203435596
 0.021213203435596
 0.021213203435596
 0.021213203435596
 0.021213203435596
 0.021213203435596
 0.021213203435596
 0.021213203435596
 0.021213203435596
 0.021213203435596
 0.021213203435596
 0.021213203435596
 0.021213203435596
 0.021213203435596
 0.021213203435596
 0.021213203435596
 0.021213203435596
 0.021213203435596
 0.021213203435596
 0.021213203435596
 0.021213203435596
 0.021213203435596
 0.021213203435596
 0.021213203435596
 0.021213203435596
 0.021213203435596
 0.021213203435596
 0.021213203435596
 0.021213203435596
 0.021213203435596
 0.021213203435596
 0.021213203435596
 0.021213203435596
 0.021213203435596
 0.021213203435596
 0.021213203435596
 0.021213203435596
 0.021213203435596
 0.021213203435596
 0.021213203435596
 0.021213203435596
 0.021213203435596
 0.021213203435596
 0.021213203435596
 0.021213203435596
 0.021213203435596
 0.021213203435596
 0.021213203435596
 0.021213203435596
 0.021213203435596
 0.021213203435596
 0.021213203435596
 0.021213203435596
 0.021213203435596
 0.021213203435596
 0.021213203435596
 0.021213203435596
 0.021213203435596
 0.021213203435596
 0.021213203435596
 0.021213203435596
 0.021213203435596
 0.021213203435596
 0.021213203435596
 0.021213203435596
 0.021213203435596
 0.021213203435596
 0.021213203435596
 0.021213203435596
 0.021213203435596
 0.021213203435596
 0.021213203435596
 0.021213203435596
 0.021213203435596
 0.003688608381924
-0.001734521148902
 0.000200040508398
 0.021213203435596
 0.021213203435596
 0.021213203435596
 0.021213203435596
 0.017682770126343
-0.006597999233116
-0.008147234835357
-0.006680575163023
 0.004299263441370
 0.021213203435596
 0.021213203435596
 0.021213203435596
-0.002983547496122
-0.008417681965957
-0.008780583308198
-0.008401677782712
-0.005533218985589
 0.008191669425486
 0.021213203435596
 0.003629150129481
-0.001614053724085
-0.004989885205993
-0.007387064404523
-0.008525697241064
-0.008247497862648
-0.000265551594888
 0.021213203435596
 0.021213203435596
 0.021213203435596
 0.021213203435596
 0.021213203435596
 0.021213203435596
 0.021213203435596
 0.021213203435596
 0.021213203435596
 0.021213203435596
 0.021213203435596
 0.021213203435596
 0.021213203435596
 0.021213203435596
 0.021213203435596
 0.021213203435596
 0.021213203435596
 0.021213203435596
 0.021213203435596
 0.020619801781612
 0.012950990680832
 0.017508510731187
 0.021213203435596
 0.021213203435596
 0.021213203435596
 0.021213203435596
 0.013949764867122
-0.001928676172093
-0.004462609821398
-0.002319430450445
 0.021213203435596
 0.021213203435596
 0.021213203435596
 0.021213203435596
 0.007600674292052
-0.007352404386896
-0.008479282751947
-0.007686403918203
-0.000957879844347
 0.021213203435596
 0.021213203435596
 0.021213203435596
-0.001955626368311
-0.008461119535525
-0.008761045947834
-0.008554151217939
-0.007131362807097
-0.001609629592422
 0.021213203435596
 0.005483924215085
-0.007559551318445
-0.008918226357437
-0.008831907475163
-0.008804254886445
-0.008560234693044
-0.005449603608714
 0.002812446511491
-0.002436961025333
-0.003836865103948
-0.005952165611306
-0.007693515054927
-0.008617017724361
-0.008779190307839
-0.002356768045278
 0.021213203435596
 0.021213203435596
 0.021213203435596
 0.021213203435596
 0.021213203435596
 0.021213203435596
 0.021213203435596
 0.021213203435596
 0.021213203435596
 0.021213203435596
 0.016204817958714
 0.000911741126875
 0.011528904662490
 0.021213203435596
 0.021213203435596
 0.021213203435596
 0.021213203435596
 0.013776775906679
-0.006714370152883
-0.008813140861190
-0.004356334029679
 0.021213203435596
 0.021213203435596
 0.021213203435596
 0.021213203435596
 0.021213203435596
-0.006934146011543
-0.009815636786644
-0.008981936678421
-0.001064028356845
 0.021213203435596
 0.021213203435596
 0.021213203435596
 0.018516086040117
-0.007043493004186
-0.009410464601024
-0.009285502333159
-0.008420710739768
-0.004252085276929
 0.007842933788860
 0.021213203435596
 0.002556379576033
-0.008453322504516
-0.009195808195459
-0.008918011867908
-0.008857785226568
-0.008825248886778
-0.008155067221705
 0.011971810423448
-0.006743745726067
-0.009406606154786
-0.009325373727763
-0.008992359432376
-0.008916590583278
-0.009075901741079
-0.008099736116078
-0.000832983573586
-0.003653799871873
-0.005400945234313
-0.007229605866488
-0.008342811143178
-0.008895888854219
-0.009105583726967
-0.005275537489883
 0.021213203435596
 0.021213203435596
 0.021213203435596
 0.021213203435596
 0.021213203435596
 0.021213203435596
 0.021213203435596
 0.021213203435596
 0.021213203435596
 0.021213203435596
 0.021213203435596
 0.011010121630337
 0.021213203435596
 0.021213203435596
 0.021213203435596
 0.021213203435596
 0.021213203435596
-0.000197435998656
-0.007976518045175
-0.008530302862997
 0.005777691727329
 0.021213203435596
 0.021213203435596
 0.021213203435596
 0.021213203435596
-0.001945915435419
-0.010338763811220
-0.010354706712349
-0.007164811314634
 0.011293381535813
 0.021213203435596
 0.021213203435596
 0.021213203435596
-0.003535592831262
-0.009895115588849
-0.009919852540842
-0.009225872018301
-0.007036886270063
 0.000456055589594
 0.018723324895547
 0.021213203435596
-0.006344812579044
-0.009465911200524
-0.009499387992332
-0.009188876191510
-0.008940962197239
-0.008672645814836
-0.008186396765686
 0.009864226807153
-0.002319800502758
-0.007037350603752
-0.008950430357039
-0.009240231000240
-0.009161794001790
-0.009276486721699
-0.009170260427455
 0.021213203435596
 0.021213203435596
 0.006539448434847
-0.005398661279410
-0.008688171522964
-0.009344868661720
-0.009508302252056
-0.008032275771658
 0.021213203435596
 0.021213203435596
 0.021213203435596
 0.021213203435596
 0.021213203435596
 0.021213203435596
 0.021213203435596
 0.021213203435596
 0.021213203435596
 0.021213203435596
 0.021213203435596
 0.021213203435596
 0.021213203435596
 0.021213203435596
 0.021213203435596
 0.021213203435596
 0.021213203435596
-0.000953578277624
-0.003498033676540
-0.002316323894888
 0.021213203435596
 0.021213203435596
 0.021213203435596
 0.021213203435596
 0.021213203435596
-0.007031417977857
-0.010113960423346
-0.009455995206665
-0.000941347687803
 0.021213203435596
 0.021213203435596
 0.021213203435596
 0.021213203435596
-0.003019902213237
-0.007494914687577
-0.009254627694305
-0.008437096761382
-0.002640332006670
 0.013150889767873
 0.021213203435596
 0.021213203435596
 0.008695622071651
-0.001058607205327
-0.007289724085025
-0.009138777676062
-0.008854405256154
-0.007689920595692
-0.006532115737526
 0.021213203435596
 0.021213203435596
 0.018205953720169
-0.002618470622489
-0.008604994552293
-0.009516393910420
-0.009539424378283
-0.009600150708651
 0.021213203435596
 0.021213203435596
 0.021213203435596
 0.014837935767486
-0.006485418405696
-0.009665023042251
-0.009781893651046
-0.008877765707417
 0.021213203435596
 0.021213203435596
 0.021213203435596
 0.021213203435596
 0.021213203435596
 0.021213203435596
 0.021213203435596
 0.021213203435596
 0.021213203435596
 0.021213203435596
 0.021213203435596
 0.021213203435596
 0.021213203435596
 0.021213203435596
 0.021213203435596
 0.021213203435596
 0.021213203435596
 0.010881751108494
 0.012405813709324
 0.014433972734462
 0.021213203435596
 0.021213203435596
 0.021213203435596
 0.021213203435596
 0.020944934193882
 0.010113312241894
 0.000386631845817
-0.004197727621165
 0.017124455111548
 0.021213203435596
 0.021213203435596
 0.021213203435596
 0.021213203435596
 0.021213203435596
 0.021213203435596
 0.002615797758856
-0.004137086143611
 0.010814139914863
 0.021213203435596
 0.021213203435596
 0.021213203435596
 0.021213203435596
 0.021213203435596
 0.020995817597856
-0.004757551130898
-0.007664353971271
-0.004736502919517
-0.001484728607380
 0.021213203435596
 0.021213203435596
 0.021213203435596
 0.021213203435596
-0.001206003613866
-0.009167309434683
-0.009668478436917
-0.009184341280255
 0.021213203435596
 0.021213203435596
 0.021213203435596
 0.021213203435596
 0.007133220141145
-0.008681743922323
-0.009204359473231
-0.005819276677131
 0.021213203435596
 0.021213203435596
 0.021213203435596
 0.021213203435596
 0.021213203435596
 0.021213203435596
 0.021213203435596
 0.021213203435596
 0.021213203435596
 0.021213203435596
 0.021213203435596
 0.021213203435596
 0.021213203435596
 0.021213203435596
 0.021213203435596
 0.021213203435596
 0.021213203435596
 0.021213203435596
 0.021213203435596
 0.021213203435596
 0.021213203435596
 0.021213203435596
 0.021213203435596
 0.021213203435596
 0.021213203435596
 0.021213203435596
 0.021213203435596
 0.021213203435596
 0.021213203435596
 0.021213203435596
 0.021213203435596
 0.021213203435596
 0.021213203435596
 0.021213203435596
 0.021213203435596
 0.021213203435596
 0.015407347645172
 0.021213203435596
 0.021213203435596
 0.021213203435596
 0.021213203435596
 0.021213203435596
 0.021213203435596
 0.021213203435596
 0.021213203435596
-0.002770859204903
 0.000353459109925
 0.007446187959285
 0.021213203435596
 0.021213203435596
 0.021213203435596
 0.021213203435596
 0.021213203435596
-0.004624508990018
-0.008585336983776
-0.005490090186217
 0.021213203435596
 0.021213203435596
 0.021213203435596
 0.021213203435596
 0.021213203435596
-0.002399208594285
-0.005127740387266
 0.010175035592824
 0.021213203435596
 0.021213203435596
 0.021213203435596
 0.021213203435596
 0.021213203435596
 0.021213203435596
 0.021213203435596
 0.021213203435596
 0.021213203435596
 0.021213203435596
 0.021213203435596
 0.021213203435596
 0.021213203435596
 0.021213203435596
 0.021213203435596
 0.021213203435596
 0.021213203435596
 0.021213203435596
 0.021213203435596
 0.021213203435596
 0.021213203435596
 0.021213203435596
 0.021213203435596
 0.021213203435596
 0.021213203435596
 0.021213203435596
 0.021213203435596
 0.021213203435596
 0.021213203435596
 0.021213203435596
 0.021213203435596
 0.021213203435596
 0.021213203435596
 0.021213203435596
 0.021213203435596
 0.021213203435596
 0.021213203435596
 0.021213203435596
 0.021213203435596
 0.021213203435596
 0.021213203435596
 0.021213203435596
 0.021213203435596
 0.021213203435596
 0.021213203435596
 0.016618084160191
 0.004929444075831
 0.015762103117294
 0.021213203435596
 0.021213203435596
 0.021213203435596
 0.021213203435596
 0.021213203435596
 0.016689167248117
-0.000770597899069
 0.021213203435596
 0.021213203435596
 0.021213203435596
 0.021213203435596
 0.021213203435596
 0.021213203435596
 0.021213203435596
 0.016188238662189
 0.021213203435596
 0.000000000000000
 0.000000000000000
 0.000000000000000
 0.000000000000000
 0.000000000000000
 0.000000000000000
 0.000000000000000
 0.000000000000000
 0.000000000000000
 0.000000000000000
 0.000000000000000
 0.000000000000000
 0.000000000000000
 0.000000000000000
 0.000000000000000
 0.000000000000000
 0.000000000000000
 0.000000000000000
 0.000000000000000
 0.000000000000000
 0.000000000000000
 0.000000000000000
 0.000000000000000
 0.000000000000000
 0.000000000000000
 0.000000000000000
 0.000000000000000
 0.000000000000000
 0.000000000000000
 0.000000000000000
 0.000000000000000
 0.000000000000000
 0.000000000000000
 0.000000000000000
 0.000000000000000
 0.000000000000000
 0.000000000000000
 0.000000000000000
 0.000000000000000
 0.000000000000000
 0.000000000000000
 0.000000000000000
 0.000000000000000
 0.000000000000000
 0.000000000000000
 0.000000000000000
 0.000000000000000
 0.000000000000000
 0.000000000000000
 0.000000000000000
 0.000000000000000
 0.000000000000000
 0.000000000000000
 0.000000000000000
 0.000000000000000
 0.000000000000000
 0.000000000000000
 0.000000000000000
 0.000000000000000
 0.000000000000000
 0.000000000000000
 0.000000000000000
 0.000000000000000
 0.000000000000000
 0.000000000000000
 0.000000000000000
 0.000000000000000
 0.000000000000000
 0.000000000000000
 0.000000000000000
 0.000000000000000
 0.000000000000000
 0.000000000000000
 0.000000000000000
 0.000000000000000
 0.000000000000000
 0.000000000000000
 0.000000000000000
 0.000000000000000
 0.000000000000000
 0.000000000000000
 0.000000000000000
 0.000000000000000
 0.000000000000000
 0.000000000000000
 0.000000000000000
 0.000000000000000
 0.000000000000000
 0.000000000000000
 0.000000000000000
 0.000000000000000
 0.000000000000000
 0.000000000000000
 0.000000000000000
 0.000000000000000
 0.000000000000000
 0.000000000000000
 0.000000000000000
 0.000000000000000
 0.000000000000000
 0.000000000000000
 0.000000000000000
 0.000000000000000
 0.000000000000000
 0.000000000000000
 0.000000000000000
 0.000000000000000
 0.000000000000000
 0.000000000000000
 0.000000000000000
 0.000000000000000
 0.000000000000000
 0.000000000000000
 0.000000000000000
 0.000000000000000
 0.000000000000000
 0.000000000000000
 0.000000000000000
 0.000000000000000
 0.000000000000000
 0.000000000000000
 0.000000000000000
 0.000000000000000
 0.000000000000000
 0.000000000000000
 0.000000000000000
 0.000000000000000
 0.000000000000000
 0.000000000000000
 0.000000000000000
 0.000000000000000
 0.000000000000000
 0.000000000000000
 0.000000000000000
 0.000000000000000
 0.000000000000000
 0.000000000000000
 0.000000000000000
 0.000000000000000
 0.000000000000000
 0.000000000000000
 0.000000000000000
 0.000000000000000
 0.000000000000000
 0.000000000000000
 0.000000000000000
 0.000000000000000
 0.000000000000000
 0.000000000000000
 0.000000000000000
 0.000000000000000
 0.000000000000000
 0.000000000000000
 0.000000000000000
 0.000000000000000
 0.000000000000000
 0.000000000000000
 0.000000000000000
 0.000000000000000
 0.000000000000000
 0.000000000000000
 0.000000000000000
 0.000000000000000
 0.000000000000000
 0.000000000000000
 0.000000000000000
 0.000000000000000
 0.000000000000000
 0.000000000000000
 0.000000000000000
 0.000000000000000
 0.000000000000000
 0.000000000000000
 0.000000000000000
 0.000000000000000
 0.000000000000000
 0.000000000000000
 0.000000000000000
 0.000000000000000
 0.000000000000000
 0.000000000000000
 0.000000000000000
 0.000000000000000
 0.000000000000000
 0.000000000000000
 0.000000000000000
 0.000000000000000
 0.000000000000000
 0.000000000000000
 0.000000000000000
 0.000000000000000
 0.000000000000000
 0.000000000000000
 0.000000000000000
 0.000000000000000
 0.000000000000000
 0.000000000000000
 0.000000000000000
 0.000000000000000
 0.000000000000000
 0.000000000000000
 0.000000000000000
 0.000000000000000
 0.000000000000000
 0.000000000000000
 0.000000000000000
 0.000000000000000
 0.000000000000000
 0.000000000000000
 0.000000000000000
 0.000000000000000
 0.000000000000000
 0.000000000000000
 0.000000000000000
 0.000000000000000
 0.000000000000000
 0.000000000000000
 0.000000000000000
 0.000000000000000
 0.000000000000000
 0.000000000000000
 0.000000000000000
 0.000000000000000
 0.000000000000000
 0.000000000000000
 0.000000000000000
 0.000000000000000
 0.000000000000000
 0.000000000000000
 0.000000000000000
 0.000000000000000
 0.000000000000000
 0.000000000000000
 0.000000000000000
 0.000000000000000
 0.000000000000000
 0.000000000000000
 0.000000000000000
 0.000000000000000
 0.000000000000000
 0.000000000000000
 0.000000000000000
 0.000000000000000
 0.000000000000000
 0.000000000000000
 0.000000000000000
 0.000000000000000
 0.000000000000000
 0.000000000000000
 0.000000000000000
 0.000000000000000
 0.000000000000000
 0.000000000000000
 0.000000000000000
 0.000000000000000
 0.000000000000000
 0.000000000000000
 0.000000000000000
 0.000000000000000
 0.000000000000000
 0.000000000000000
 0.000000000000000
 0.000000000000000
 0.000000000000000
 0.000000000000000
 0.000000000000000
 0.000000000000000
 0.000000000000000
 0.000000000000000
 0.000000000000000
 0.000000000000000
 0.000000000000000
 0.000000000000000
 0.000000000000000
 0.000000000000000
 0.000000000000000
 0.000000000000000
 0.000000000000000
 0.000000000000000
 0.000000000000000
 0.000000000000000
 0.000000000000000
 0.000000000000000
 0.000000000000000
 0.000000000000000
 0.000000000000000
 0.000000000000000
 0.000000000000000
 0.000000000000000
 0.000000000000000
 0.000000000000000
 0.000000000000000
 0.000000000000000
 0.000000000000000
 0.000000000000000
 0.000000000000000
 0.000000000000000
 0.000000000000000
 0.000000000000000
 0.000000000000000
 0.000000000000000
 0.000000000000000
 0.000000000000000
 0.000000000000000
 0.000000000000000
 0.000000000000000
 0.000000000000000
 0.000000000000000
 0.000000000000000
 0.000000000000000
 0.000000000000000
 0.000000000000000
 0.000000000000000
 0.000000000000000
 0.000000000000000
 0.000000000000000
 0.000000000000000
 0.000000000000000
 0.000000000000000
 0.000000000000000
 0.000000000000000
 0.000000000000000
 0.000000000000000
 0.000000000000000
 0.000000000000000
 0.000000000000000
 0.000000000000000
 0.000000000000000
 0.000000000000000
 0.000000000000000
 0.000000000000000
 0.000000000000000
 0.000000000000000
 0.000000000000000
 0.000000000000000
 0.000000000000000
 0.000000000000000
 0.000000000000000
 0.000000000000000
 0.000000000000000
 0.000000000000000
 0.000000000000000
 0.000000000000000
 0.000000000000000
 0.000000000000000
 0.000000000000000
 0.000000000000000
 0.000000000000000
 0.000000000000000
 0.000000000000000
 0.000000000000000
 0.000000000000000
 0.000000000000000
 0.000000000000000
 0.000000000000000
 0.000000000000000
 0.000000000000000
 0.000000000000000
 0.000000000000000
 0.000000000000000
 0.000000000000000
 0.000000000000000
 0.000000000000000
 0.000000000000000
 0.000000000000000
 0.000000000000000
 0.000000000000000
 0.000000000000000
 0.000000000000000
 0.000000000000000
 0.000000000000000
 0.000000000000000
 0.000000000000000
 0.000000000000000
 0.000000000000000
 0.000000000000000
 0.000000000000000
 0.000000000000000
 0.000000000000000
 0.000000000000000
 0.000000000000000
 0.000000000000000
 0.000000000000000
 0.000000000000000
 0.000000000000000
 0.000000000000000
 0.000000000000000
 0.000000000000000
 0.000000000000000
 0.000000000000000
 0.000000000000000
 0.000000000000000
 0.000000000000000
 0.000000000000000
 0.000000000000000
 0.000000000000000
 0.000000000000000
 0.000000000000000
 0.000000000000000
 0.000000000000000
 0.000000000000000
 0.000000000000000
 0.000000000000000
 0.000000000000000
 0.000000000000000
 0.000000000000000
 0.000000000000000
 0.000000000000000
 0.000000000000000
 0.000000000000000
 0.000000000000000
 0.000000000000000
 0.000000000000000
 0.000000000000000
 0.000000000000000
 0.000000000000000
 0.000000000000000
 0.000000000000000
 0.000000000000000
 0.000000000000000
 0.000000000000000
 0.000000000000000
 0.000000000000000
 0.000000000000000
 0.000000000000000
 0.000000000000000
 0.000000000000000
 0.000000000000000
 0.000000000000000
 0.000000000000000
 0.000000000000000
 0.000000000000000
 0.000000000000000
 0.000000000000000
 0.000000000000000
 0.000000000000000
 0.000000000000000
 0.000000000000000
 0.000000000000000
 0.000000000000000
 0.000000000000000
 0.000000000000000
 0.000000000000000
 0.000000000000000
 0.000000000000000
 0.000000000000000
 0.000000000000000
 0.000000000000000
 0.000000000000000
 0.000000000000000
 0.000000000000000
 0.000000000000000
 0.000000000000000
 0.000000000000000
 0.000000000000000
 0.000000000000000
 0.000000000000000
 0.000000000000000
 0.000000000000000
 0.000000000000000
 0.000000000000000
 0.000000000000000
 0.000000000000000
 0.000000000000000
 0.000000000000000
 0.000000000000000
 0.000000000000000
 0.000000000000000
 0.000000000000000
 0.000000000000000
 0.000000000000000
 0.000000000000000
 0.000000000000000
 0.000000000000000
 0.000000000000000
 0.000000000000000
 0.000000000000000
 0.000000000000000
 0.000000000000000
 0.000000000000000
 0.000000000000000
 0.000000000000000
 0.000000000000000
 0.000000000000000
 0.000000000000000
 0.000000000000000
 0.000000000000000
 0.000000000000000
 0.000000000000000
 0.000000000000000
 0.000000000000000
 0.000000000000000
 0.000000000000000
 0.000000000000000
 0.000000000000000
 0.000000000000000
 0.000000000000000
 0.000000000000000
 0.000000000000000
 0.000000000000000
 0.000000000000000
 0.000000000000000
 0.000000000000000
 0.000000000000000
 0.000000000000000
 0.000000000000000
 0.000000000000000
 0.000000000000000
 0.000000000000000
 0.018856180831877
 0.177829051559225
 0.000000000000000
 0.002818753903980
 0.000191585868082
 0.003026855429683
 0.008414964319130
 0.014305583356202
 0.010320527527334
 0.000740321943486
-0.002344216899912
-0.005909126379029
-0.011818686449982
-0.000331531728640
 0.007941084924370
 0.007023319247719
 0.003203408207596
-0.000211333003693
-0.001084748943028
-0.002549819981891
-0.011484168373938
 0.001295721322263
 0.009330283405611
 0.006370112859675
 0.002725052827618
 0.000634491629040
 0.000173000745085
 0.001518238397740
-0.006244858321243
 0.000124212733970
 0.005199601292651
 0.004203877093375
 0.002219195707425
 0.001050720607223
 0.000785376430796
-0.017178155157298
-0.011724641248084
-0.004217375761827
 0.000305064721820
 0.001457596920186
 0.001234771074511
 0.000924511475343
 0.000908365870035
-0.021213203435596
-0.018154419777956
-0.007298668985807
-0.002331425338241
-0.000326822397478
 0.000348304301490
 0.000587431315258
 0.000777077353972
-0.021213203435596
-0.014826935542758
-0.007077377561141
-0.003099567219992
-0.001192900925210
-0.000262489822525
 0.000247114963608
 0.000583752003209
-0.011204839982166
-0.008399287761792
-0.005136341162512
-0.002996958954974
-0.001687899242031
-0.000769145973381
-0.000070932238008
 0.000432640927282
 0.000103720779451
-0.006193470514667
 0.000507245406271
 0.008311264752175
 0.007872893903179
-0.004782165517952
-0.017601563626805
-0.013693603650289
-0.021213203435596
-0.021213203435596
-0.005629512787051
 0.021213203435596
 0.009487390747749
-0.001285751116648
-0.006968176704135
-0.006409145153997
-0.021213203435596
-0.021213203435596
 0.021213203435596
 0.021213203435596
 0.014346793539410
 0.002609869846536
-0.001419806777012
-0.002084600288413
 0.021213203435596
-0.016749186471704
 0.009494648020111
 0.020265373936104
 0.008996974482163
 0.002938947914646
 0.000482852579814
-0.000240654365122
-0.021213203435596
-0.021213203435596
-0.005343820434248
 0.002443098712193
 0.002898048858422
 0.001669377758645
 0.000771107015952
 0.000396712831730
-0.021213203435596
-0.021213203435596
-0.011034167975178
-0.002662351311836
-0.000034254609268
 0.000560056854971
 0.000585470272687
 0.000559396888878
-0.021213203435596
-0.021213203435596
-0.010095846704398
-0.003702380465235
-0.001121374716799
-0.000065581797168
 0.000373533871443
 0.000584011275931
-0.018752497764552
-0.012595810944642
-0.006766189295302
-0.003349989086549
-0.001475375942159
-0.000405546952214
 0.000234627457852
 0.000618789144216
 0.021213203435596
 0.021213203435596
 0.010454427624206
 0.007597777511036
-0.004913437535092
-0.021213203435596
-0.021213203435596
-0.021213203435596
-0.021213203435596
-0.021213203435596
-0.012254806341921
 0.021213203435596
 0.009130021337324
-0.009005978308982
-0.017380510261657
-0.013053837004661
-0.021213203435596
-0.021213203435596
 0.021213203435596
 0.021213203435596
 0.019722452635228
 0.001608510006921
-0.003659725426699
-0.004302065941010
 0.021213203435596
-0.021213203435596
 0.021213203435596
 0.021213203435596
 0.011799733630752
 0.003123710202289
-0.000114329738663
-0.001237340228914
-0.021213203435596
-0.021213203435596
-0.004826734458370
 0.004001309856981
 0.003783681245441
 0.001941114180374
 0.000621146166585
-0.000100831070210
-0.021213203435596
-0.021213203435596
-0.011060797616558
-0.002160206502244
 0.000471140534024
 0.000882393837962
 0.000661691669418
 0.000382139360970
-0.021213203435596
-0.021213203435596
-0.009864123098630
-0.003187755220955
-0.000575752268726
 0.000376522575633
 0.000634185215630
 0.000647884231475
-0.018206446337422
-0.012168621810643
-0.006178013160430
-0.002645352464816
-0.000745976440948
 0.000222328514141
 0.000675734810092
 0.000865531698724
 0.021213203435596
 0.021213203435596
 0.018336603482635
 0.006530562459394
-0.007318328911111
-0.021213203435596
-0.021213203435596
-0.021213203435596
-0.021213203435596
-0.021213203435596
-0.008963608470653
 0.015873882557264
 0.004616332478841
-0.009821475131162
-0.018265171555599
-0.013653758183169
-0.021213203435596
-0.021213203435596
 0.003073347700546
 0.021213203435596
 0.010878868469613
 0.001002837693495
-0.003680775995575
-0.005034659207378
 0.003016083836618
-0.019481428217792
 0.002374752128218
 0.013931297594785
 0.007745753747135
 0.002648737149511
-0.000318589317051
-0.002046301028357
-0.018542934884598
-0.014152600804093
-0.003683899050761
 0.002683373596440
 0.003301663052336
 0.001989715986232
 0.000548323596684
-0.000639646437474
-0.021213203435596
-0.020376677257036
-0.006782311329913
-0.000894506577124
 0.001165337902880
 0.001371643377359
 0.000863254814889
 0.000212839141137
-0.021213203435596
-0.014971927788240
-0.005916232802180
-0.001434406175257
 0.000539517759764
 0.001148053855654
 0.001077640162383
 0.000776483384276
-0.008283711158407
-0.006523687024694
-0.003209974872807
-0.000824519505416
 0.000546539330102
 0.001148178778087
 0.001267825959745
 0.001172326474665
 0.017837181034151
 0.019422571006113
 0.011420773893511
 0.009483659580731
 0.007675302341738
-0.000651344340422
-0.007528983092294
-0.005367298736877
 0.000186827039444
-0.003472481194254
 0.002602235450793
 0.008426410020424
 0.008003187756174
 0.003111503182459
-0.002778576096673
-0.005929351989758
-0.005696626649147
-0.011362982056285
-0.000767844896904
 0.007410351787614
 0.007032224079588
 0.003616005014419
-0.000530252304144
-0.004511895164046
-0.002104665622076
-0.006027081217986
-0.000440416744381
 0.004718978455985
 0.004935720826554
 0.002889879418312
 0.000103617070928
-0.003028578413442
-0.005458324592820
-0.005355400486537
-0.001437086109958
 0.002083492487553
 0.003141564648514
 0.002365281610924
 0.000682853018592
-0.001362825755797
-0.009586218348275
-0.006561840149113
-0.002220421358943
 0.001014490813249
 0.002478133496414
 0.002355613104438
 0.001337553759438
 0.000058383450136
-0.006141764510040
-0.004436156956714
-0.001338388145440
 0.001169853957718
 0.002487248102824
 0.002540486172379
 0.001860152810715
 0.001025844590661
 0.000630689751344
-0.000084930595488
 0.000698494220592
 0.001794738362388
 0.002530162413374
 0.002564709293916
 0.002126105099681
 0.001591282528237
 0.008867095466089
 0.008995527270756
 0.010491828859357
 0.017265445132648
 0.021213203435596
 0.021213203435596
 0.021213203435596
 0.015118140971667
 0.004476223984430
 0.004094631452468
 0.006655102819978
 0.012198018596324
 0.020325452085020
 0.021213203435596
 0.013416488502742
-0.000552429529589
 0.001421494405432
 0.000558484721130
 0.003202380545977
 0.007032016661127
 0.009605364443122
 0.008743587481406
 0.003237151343195
-0.005664912910011
 0.000162330503757
-0.000544912984505
 0.001434821010764
 0.004057373996167
 0.005200548815738
 0.004072458941304
 0.000664409316952
-0.005075883532721
-0.001312793236748
-0.001241903425147
 0.000628080527321
 0.003069647175293
 0.004286914999476
 0.003469023442094
 0.001089116505442
-0.002352400482865
-0.001916153310998
-0.001285084078780
 0.000812147493532
 0.003808981526072
 0.005490587517751
 0.004555200740820
 0.002360204584235
 0.000048479240918
 0.000700891312580
 0.000689381970969
 0.002129916405232
 0.005038366804405
 0.006766179866740
 0.005528413016971
 0.003322277571795
 0.001526374840005
 0.007021294565538
 0.005188766059269
 0.004341944406682
 0.005269364447683
 0.006068411609346
 0.005096012505994
 0.003476184077001
 0.002201798523113
 0.007352475097574
 0.007445407785039
 0.011169121661155
 0.021213203435596
 0.021213203435596
 0.021213203435596
 0.021213203435596
 0.009580874977796
 0.004642881981687
 0.004998686328632
 0.008031931646830
 0.016668293455936
 0.021213203435596
 0.021213203435596
 0.021213203435596
-0.003255823676499
 0.002401336985696
 0.002546942057291
 0.004479189118630
 0.008200284342868
 0.012473120847038
 0.012226373578249
 0.004019414147367
-0.009459233755722
 0.000765169675777
 0.000738080414989
 0.002080107803565
 0.004332676593568
 0.005843638862530
 0.004792319571329
 0.000704308995120
-0.007495831569605
-0.000444621672942
-0.000519678700978
 0.000979847294545
 0.004287527825589
 0.006498539950061
 0.005196046902329
 0.001827463264221
-0.002903939057909
-0.000412893791670
-0.000819260987751
 0.001402242244568
 0.009157259090536
 0.014232739572391
 0.009535813420125
 0.004216183108154
 0.000528894659124
 0.002811654551896
 0.001257396134722
 0.003126328854873
 0.015278366654003
 0.021213203435596
 0.013394676615329
 0.005867270371157
 0.002391058010592
 0.011928224361456
 0.008022828825062
 0.005764221343148
 0.011107723579344
 0.015526037875181
 0.010381767688865
 0.005474576263438
 0.002997875837003
 0.005954230363107
 0.005713281370631
 0.009329609297382
 0.021213203435596
 0.021213203435596
 0.021213203435596
 0.015485044538289
-0.021213203435596
 0.003178046644849
 0.003770797759888
 0.006636996172098
 0.014272156061869
 0.021213203435596
 0.021213203435596
-0.007550957614266
-0.014607998784380
 0.001361416255809
 0.001781282120342
 0.003448550343992
 0.006522539154215
 0.009434767861093
 0.006417729430320
-0.002771462602454
-0.006839238139373
-0.000086116178094
-0.000215858487093
 0.000733043457920
 0.002929371332041
 0.004596458064008
 0.003502613370988
 0.000282498586939
-0.004949318489956
-0.001442099497036
-0.002760460020939
-0.002273682998489
 0.002985543894739
 0.007916986725267
 0.006414010048651
 0.002818921252820
-0.001251449366693
-0.001861602379617
-0.005946209415422
-0.006712555245949
 0.017368932566862
 0.021213203435596
 0.017410232317164
 0.006238770131857
 0.001790912914702
 0.001366870406586
-0.006135120063084
-0.010578357516171
 0.021213203435596
 0.021213203435596
 0.021213203435596
 0.008574035060626
 0.003412940446492
 0.012224040125871
 0.003952783475375
-0.004881622444219
 0.018329817615030
 0.021213203435596
 0.018666959057231
 0.007204930196612
 0.003696209779822
 0.021213203435596
 0.021213203435596
 0.021213203435596
 0.021213203435596
 0.021213203435596
 0.021213203435596
 0.021213203435596
 0.021213203435596
 0.021213203435596
 0.021213203435596
 0.021213203435596
 0.021213203435596
 0.021213203435596
 0.021213203435596
 0.021213203435596
 0.021213203435596
 0.021213203435596
 0.021213203435596
 0.021213203435596
 0.021213203435596
 0.021213203435596
 0.021213203435596
 0.021213203435596
 0.021213203435596
 0.021213203435596
 0.021213203435596
 0.021213203435596
 0.021213203435596
 0.021213203435596
 0.021213203435596
 0.021213203435596
 0.021213203435596
 0.021213203435596
 0.021213203435596
 0.021213203435596
 0.021213203435596
 0.021213203435596
 0.021213203435596
 0.021213203435596
 0.021213203435596
 0.021213203435596
 0.021213203435596
 0.021213203435596
 0.021213203435596
 0.021213203435596
 0.021213203435596
 0.021213203435596
 0.021213203435596
 0.021213203435596
 0.021213203435596
 0.021213203435596
 0.021213203435596
 0.020908746825608
 0.021213203435596
 0.021213203435596
 0.021213203435596
 0.021213203435596
 0.021213203435596
 0.021213203435596
 0.021213203435596
 0.021213203435596
 0.021213203435596
 0.021213203435596
 0.021213203435596
 0.021213203435596
 0.021213203435596
 0.021213203435596
 0.021213203435596
 0.021213203435596
 0.021213203435596
 0.021213203435596
 0.021213203435596
 0.021213203435596
 0.021213203435596
 0.021213203435596
 0.021213203435596
 0.021213203435596
 0.021213203435596
 0.021213203435596
 0.021213203435596
 0.021213203435596
 0.021213203435596
 0.021213203435596
 0.021213203435596
 0.021213203435596
 0.021213203435596
 0.021213203435596
 0.021213203435596
 0.021213203435596
 0.021213203435596
 0.021213203435596
 0.021213203435596
 0.021213203435596
 0.021213203435596
 0.021213203435596
 0.021213203435596
 0.021213203435596
 0.021213203435596
 0.021213203435596
 0.021213203435596
 0.021213203435596
 0.021213203435596
 0.021213203435596
 0.021213203435596
 0.021213203435596
 0.021213203435596
 0.021213203435596
 0.021213203435596
 0.021213203435596
 0.021213203435596
 0.021213203435596
 0.021213203435596
 0.021213203435596
 0.021213203435596
 0.021213203435596
 0.021213203435596
 0.021213203435596
 0.008519033937692
 0.021213203435596
 0.021213203435596
 0.021213203435596
 0.021213203435596
 0.021213203435596
 0.021213203435596
 0.021213203435596
 0.011132880081832
 0.021213203435596
 0.021213203435596
 0.021213203435596
 0.021213203435596
 0.021213203435596
 0.021213203435596
 0.021213203435596
 0.021213203435596
 0.021213203435596
 0.021213203435596
 0.021213203435596
 0.021213203435596
 0.021213203435596
 0.021213203435596
 0.021213203435596
 0.021213203435596
 0.021213203435596
 0.021213203435596
 0.021213203435596
 0.021213203435596
 0.021213203435596
 0.021213203435596
 0.021213203435596
 0.021213203435596
 0.021213203435596
 0.021213203435596
 0.021213203435596
 0.021213203435596
 0.021213203435596
 0.021213203435596
 0.021213203435596
 0.021213203435596
 0.021213203435596
 0.021213203435596
 0.021213203435596
 0.021213203435596
 0.021213203435596
 0.021213203435596
 0.021213203435596
 0.021213203435596
 0.021213203435596
 0.021213203435596
 0.021213203435596
 0.021213203435596
 0.021213203435596
 0.021213203435596
 0.021213203435596
 0.002540259898209
 0.021213203435596
 0.021213203435596
 0.021213203435596
 0.021213203435596
 0.021213203435596
 0.021213203435596
 0.021213203435596
-0.007991181083030
 0.003600512304843
 0.021213203435596
 0.021213203435596
 0.021213203435596
 0.021213203435596
 0.021213203435596
 0.019393506560620
-0.003057253950206
 0.003486194351528
 0.021213203435596
 0.021213203435596
 0.021213203435596
 0.021213203435596
 0.021213203435596
 0.021213203435596
 0.021213203435596
 0.021213203435596
 0.021213203435596
 0.021213203435596
 0.021213203435596
 0.021213203435596
 0.021213203435596
 0.021213203435596
 0.021213203435596
 0.021213203435596
 0.021213203435596
 0.021213203435596
 0.021213203435596
 0.021213203435596
 0.021213203435596
 0.021213203435596
 0.021213203435596
 0.021213203435596
 0.021213203435596
 0.021213203435596
 0.021213203435596
 0.021213203435596
 0.021213203435596
 0.021213203435596
 0.021213203435596
 0.021213203435596
 0.021213203435596
 0.021213203435596
 0.021213203435596
 0.021213203435596
 0.021213203435596
 0.021213203435596
 0.021213203435596
 0.021213203435596
 0.021213203435596
 0.021213203435596
 0.021213203435596
 0.021213203435596
 0.021213203435596
 0.021213203435596
-0.006200746643445
-0.006384504839459
 0.009441652723648
 0.021213203435596
 0.021213203435596
 0.021213203435596
 0.021213203435596
 0.010679306437040
-0.012175709377377
-0.009912632980606
 0.021213203435596
 0.021213203435596
 0.021213203435596
 0.021213203435596
 0.021213203435596
 0.009831221420101
-0.008698917189252
-0.002896137313326
 0.021213203435596
 0.021213203435596
 0.021213203435596
 0.021213203435596
 0.021213203435596
 0.021213203435596
 0.021213203435596
 0.021213203435596
 0.021213203435596
 0.021213203435596
 0.021213203435596
 0.021213203435596
 0.021213203435596
 0.021213203435596
 0.021213203435596
 0.021213203435596
 0.021213203435596
 0.021213203435596
 0.021213203435596
 0.021213203435596
 0.021213203435596
 0.021213203435596
 0.021213203435596
 0.021213203435596
 0.021213203435596
 0.021213203435596
 0.021213203435596
 0.021213203435596
 0.021213203435596
 0.021213203435596
 0.021213203435596
 0.021213203435596
 0.021213203435596
 0.021213203435596
 0.021213203435596
 0.021213203435596
 0.021213203435596
 0.021213203435596
 0.021213203435596
 0.021213203435596
 0.021213203435596
 0.021213203435596
 0.021213203435596
 0.021213203435596
 0.021213203435596
 0.021213203435596
-0.001990286385938
-0.002965238144770
 0.017267568809779
 0.021213203435596
 0.021213203435596
 0.021213203435596
 0.021213203435596
 0.021213203435596
-0.006419400559111
-0.010836491560217
 0.007069552246567
 0.021213203435596
 0.021213203435596
 0.021213203435596
 0.021213203435596
 0.021213203435596
-0.002319520017539
-0.006304919971237
 0.021213203435596
 0.021213203435596
 0.021213203435596
 0.021213203435596
 0.021213203435596
 0.021213203435596
 0.021213203435596
 0.021213203435596
 0.021213203435596
 0.021213203435596
 0.021213203435596
 0.021213203435596
 0.021213203435596
 0.021213203435596
 0.021213203435596
 0.021213203435596
 0.021213203435596
 0.021213203435596
 0.021213203435596
 0.021213203435596
 0.021213203435596
 0.021213203435596
 0.021213203435596
 0.021213203435596
 0.021213203435596
 0.021213203435596
 0.021213203435596
 0.021213203435596
 0.021213203435596
 0.021213203435596
 0.021213203435596
 0.021213203435596
 0.021213203435596
 0.021213203435596
 0.021213203435596
 0.021213203435596
 0.021213203435596
 0.021213203435596
 0.021213203435596
 0.021213203435596
 0.021213203435596
 0.021213203435596
 0.021213203435596
 0.021213203435596
 0.021213203435596
 0.021213203435596
 0.021213203435596
 0.021213203435596
 0.021213203435596
 0.021213203435596
 0.021213203435596
 0.021213203435596
 0.021213203435596
 0.021213203435596
 0.021213203435596
 0.003353300703072
 0.006618147062099
 0.021213203435596
 0.021213203435596
 0.021213203435596
 0.021213203435596
 0.021213203435596
 0.021213203435596
 0.003759583046339
 0.014016836302105
 0.021213203435596
 0.021213203435596
 0.021213203435596
 0.021213203435596
 0.021213203435596
 0.021213203435596
 0.021213203435596
 0.021213203435596
 0.021213203435596
 0.021213203435596
 0.021213203435596
 0.021213203435596
 0.021213203435596
 0.021213203435596
 0.021213203435596
 0.021213203435596
 0.021213203435596
 0.021213203435596
 0.021213203435596
 0.021213203435596
 0.021213203435596
 0.021213203435596
 0.021213203435596
 0.021213203435596
 0.021213203435596
 0.021213203435596
 0.021213203435596
 0.021213203435596
 0.021213203435596
 0.021213203435596
 0.021213203435596
 0.021213203435596
 0.021213203435596
 0.021213203435596
 0.021213203435596
 0.021213203435596
 0.021213203435596
 0.021213203435596
 0.021213203435596
 0.021213203435596
 0.021213203435596
 0.021213203435596
 0.021213203435596
 0.021213203435596
 0.021213203435596
 0.021213203435596
 0.021213203435596
 0.021213203435596
 0.021213203435596
 0.021213203435596
 0.021213203435596
 0.021213203435596
 0.021213203435596
 0.021213203435596
 0.021213203435596
 0.021213203435596
 0.021213203435596
 0.021213203435596
 0.021213203435596
 0.021213203435596
 0.021213203435596
 0.021213203435596
 0.021213203435596
 0.013242309246119
 0.021213203435596
 0.021213203435596
 0.021213203435596
 0.021213203435596
 0.021213203435596
 0.021213203435596
 0.021213203435596
 0.021213203435596
 0.021213203435596
 0.021213203435596
 0.021213203435596
 0.021213203435596
 0.021213203435596
 0.021213203435596
 0.021213203435596
 0.021213203435596
 0.021213203435596
 0.021213203435596
 0.021213203435596
 0.021213203435596
 0.021213203435596
 0.021213203435596
 0.021213203435596
 0.021213203435596
 0.021213203435596
 0.021213203435596
 0.021213203435596
 0.021213203435596
 0.021213203435596
 0.021213203435596
 0.021213203435596
 0.021213203435596
 0.021213203435596
 0.021213203435596
 0.021213203435596
 0.021213203435596
 0.021213203435596
 0.021213203435596
 0.021213203435596
 0.021213203435596
 0.021213203435596
 0.021213203435596
 0.021213203435596
 0.021213203435596
 0.021213203435596
 0.021213203435596
 0.021213203435596
 0.021213203435596
 0.021213203435596
 0.021213203435596
 0.021213203435596
 0.021213203435596
 0.021213203435596
 0.021213203435596
 0.021213203435596
 0.021213203435596
 0.021213203435596
 0.021213203435596
 0.021213203435596
 0.021213203435596
 0.021213203435596
 0.021213203435596
 0.021213203435596
 0.021213203435596
 0.021213203435596
 0.021213203435596
 0.021213203435596
 0.021213203435596
 0.021213203435596
 0.021213203435596
 0.021213203435596
 0.021213203435596
 0.021213203435596
 0.021213203435596
 0.021213203435596
 0.021213203435596
 0.021213203435596
 0.021213203435596
 0.021213203435596
 0.021213203435596
 0.021213203435596
 0.021213203435596
 0.021213203435596
 0.021213203435596
 0.021213203435596
 0.021213203435596
 0.021213203435596
 0.021213203435596
 0.021213203435596
 0.021213203435596
 0.021213203435596
 0.021213203435596
 0.021213203435596
 0.021213203435596
 0.021213203435596
 0.021213203435596
 0.021213203435596
 0.021213203435596
 0.021213203435596
 0.021213203435596
 0.020750729673216
 0.021213203435596
 0.021213203435596
 0.021213203435596
 0.021213203435596
 0.021213203435596
 0.021213203435596
 0.021213203435596
 0.002390949587081
 0.021213203435596
 0.021213203435596
 0.021213203435596
 0.021213203435596
 0.021213203435596
 0.021213203435596
 0.021213203435596
-0.004276009056123
 0.011065572944118
 0.021213203435596
 0.021213203435596
 0.021213203435596
 0.021213203435596
 0.021213203435596
 0.021213203435596
 0.013431274105536
 0.001390817755771
 0.021158539367130
 0.021213203435596
 0.021213203435596
 0.021213203435596
 0.021213203435596
 0.021213203435596
 0.021213203435596
 0.021213203435596
 0.021213203435596
 0.021213203435596
 0.021213203435596
 0.021213203435596
 0.021213203435596
 0.021213203435596
 0.021213203435596
 0.021213203435596
 0.021213203435596
 0.021213203435596
 0.021213203435596
 0.021213203435596
 0.021213203435596
 0.021213203435596
 0.021213203435596
 0.021213203435596
 0.021213203435596
 0.021213203435596
 0.021213203435596
 0.021213203435596
 0.021213203435596
 0.021213203435596
 0.021213203435596
 0.021213203435596
 0.021213203435596
 0.021213203435596
 0.021213203435596
 0.021213203435596
 0.021213203435596
 0.021213203435596
 0.021213203435596
 0.019858471695657
 0.021213203435596
 0.021213203435596
 0.021213203435596
 0.021213203435596
 0.021213203435596
 0.021213203435596
 0.007253767705202
 0.002659661949280
 0.021213203435596
 0.021213203435596
 0.021213203435596
 0.021213203435596
 0.021213203435596
 0.021213203435596
-0.003617878847389
-0.006331540184762
 0.017273433081782
 0.021213203435596
 0.021213203435596
 0.021213203435596
 0.021213203435596
 0.021213203435596
 0.001060085058500
-0.006682781336180
-0.002693449868072
 0.021213203435596
 0.021213203435596
 0.021213203435596
 0.021213203435596
 0.021213203435596
 0.021213203435596
 0.021213203435596
 0.021213203435596
 0.021213203435596
 0.021213203435596
 0.021213203435596
 0.021213203435596
 0.021213203435596
 0.021213203435596
 0.021213203435596
 0.021213203435596
 0.021213203435596
 0.021213203435596
 0.021213203435596
 0.021213203435596
 0.021213203435596
 0.021213203435596
 0.021213203435596
 0.021213203435596
 0.021213203435596
 0.021213203435596
 0.021213203435596
 0.021213203435596
 0.021213203435596
 0.021213203435596
 0.021213203435596
 0.021213203435596
 0.021213203435596
 0.021213203435596
 0.021213203435596
 0.021213203435596
 0.021213203435596
 0.021213203435596
 0.000235301566789
 0.015957101954342
 0.021213203435596
 0.021213203435596
 0.021213203435596
 0.021213203435596
 0.021213203435596
 0.008698137014298
-0.008555763421400
-0.001037181869858
 0.021213203435596
 0.021213203435596
 0.021213203435596
 0.021213203435596
 0.021213203435596
-0.004285182587862
-0.010856582821364
-0.007308599121802
 0.008827455059936
 0.021213203435596
 0.021213203435596
 0.021213203435596
 0.021213203435596
-0.005545998762619
-0.010126905191722
-0.007897317371401
 0.021213203435596
 0.021213203435596
 0.021213203435596
 0.021213203435596
 0.021213203435596
 0.021213203435596
 0.021213203435596
 0.021213203435596
 0.021213203435596
 0.021213203435596
 0.021213203435596
 0.021213203435596
 0.021213203435596
 0.021213203435596
 0.021213203435596
 0.021213203435596
 0.021213203435596
 0.021213203435596
 0.021213203435596
 0.021213203435596
 0.021213203435596
 0.021213203435596
 0.021213203435596
 0.021213203435596
 0.021213203435596
 0.021213203435596
 0.021213203435596
 0.021213203435596
 0.021213203435596
 0.021213203435596
 0.021213203435596
 0.021213203435596
 0.021213203435596
 0.021213203435596
 0.021213203435596
 0.021213203435596
 0.021213203435596
 0.021213203435596
-0.002951489632157
-0.004131891266263
 0.002311197370725
 0.021213203435596
 0.021213203435596
 0.021213203435596
 0.021213203435596
 0.000743760839936
-0.011119042002124
-0.010864761689329
-0.007103823354757
 0.021213203435596
 0.021213203435596
 0.021213203435596
 0.021213203435596
-0.007561165878693
-0.011992344804374
-0.011009136395124
-0.002392608931230
 0.021213203435596
 0.021213203435596
 0.021213203435596
 0.020107762191364
-0.007940818580580
-0.011420861103819
-0.009302934872809
 0.021213203435596
 0.021213203435596
 0.021213203435596
 0.021213203435596
 0.021213203435596
 0.021213203435596
 0.021213203435596
 0.021213203435596
 0.021213203435596
 0.021213203435596
 0.021213203435596
 0.021213203435596
 0.021213203435596
 0.021213203435596
 0.021213203435596
 0.021213203435596
 0.021213203435596
 0.021213203435596
 0.021213203435596
 0.021213203435596
 0.021213203435596
 0.021213203435596
 0.021213203435596
 0.021213203435596
 0.021213203435596
 0.021213203435596
 0.021213203435596
 0.021213203435596
 0.021213203435596
 0.021213203435596
 0.021213203435596
 0.021213203435596
 0.021213203435596
 0.021213203435596
 0.021213203435596
 0.021213203435596
 0.021213203435596
 0.017541657540302
 0.005065819046438
 0.005792734245352
 0.021213203435596
 0.021213203435596
 0.021213203435596
 0.021213203435596
 0.021213203435596
-0.004703516388174
-0.010641299447551
-0.010681694101173
-0.005986043097193
 0.021213203435596
 0.021213203435596
 0.021213203435596
 0.021213203435596
-0.004743100225785
-0.011054110743195
-0.011699234901436
-0.006986830181023
 0.021213203435596
 0.021213203435596
 0.021213203435596
 0.021213203435596
 0.002386714017461
-0.010074296447202
-0.010459250092454
 0.006600158265586
 0.021213203435596
 0.021213203435596
 0.021213203435596
 0.021213203435596
 0.021213203435596
 0.021213203435596
 0.021213203435596
 0.021213203435596
 0.021213203435596
 0.021213203435596
 0.021213203435596
 0.021213203435596
 0.021213203435596
 0.021213203435596
 0.021213203435596
 0.021213203435596
 0.021213203435596
 0.021213203435596
 0.021213203435596
 0.021213203435596
 0.021213203435596
 0.021213203435596
 0.021213203435596
 0.021213203435596
 0.021213203435596
 0.021213203435596
 0.021213203435596
 0.021213203435596
 0.021213203435596
 0.021213203435596
 0.021213203435596
 0.021213203435596
 0.021213203435596
 0.021213203435596
 0.021213203435596
 0.021213203435596
 0.021213203435596
 0.021213203435596
 0.021213203435596
 0.021213203435596
 0.021213203435596
 0.021213203435596
 0.021213203435596
 0.021213203435596
 0.021213203435596
 0.002165863356493
-0.003227171709725
 0.017829233153930
 0.021213203435596
 0.021213203435596
 0.021213203435596
 0.021213203435596
 0.021213203435596
 0.006686844843385
-0.009087875416379
-0.008306668558098
 0.021213203435596
 0.021213203435596
 0.021213203435596
 0.021213203435596
 0.021213203435596
 0.007347190653132
-0.008663083374368
-0.005352996323481
 0.021213203435596
 0.021213203435596
 0.021213203435596
 0.021213203435596
 0.021213203435596
 0.021213203435596
 0.021213203435596
 0.021213203435596
 0.021213203435596
 0.021213203435596
 0.021213203435596
 0.021213203435596
 0.021213203435596
 0.021213203435596
 0.021213203435596
 0.021213203435596
 0.021213203435596
 0.021213203435596
 0.021213203435596
 0.021213203435596
 0.021213203435596
 0.021213203435596
 0.021213203435596
 0.021213203435596
 0.021213203435596
 0.021213203435596
 0.021213203435596
 0.021213203435596
 0.021213203435596
 0.021213203435596
 0.021213203435596
 0.021213203435596
 0.021213203435596
 0.021213203435596
 0.021213203435596
 0.021213203435596
 0.021213203435596
 0.021213203435596
 0.021213203435596
 0.021213203435596
 0.021213203435596
 0.021213203435596
 0.021213203435596
 0.021213203435596
 0.021213203435596
 0.021213203435596
 0.021213203435596
 0.021213203435596
 0.021213203435596
 0.021213203435596
 0.021213203435596
 0.021213203435596
 0.021213203435596
 0.021213203435596
 0.013752977049918
-0.003467017615623
 0.021213203435596
 0.021213203435596
 0.021213203435596
 0.021213203435596
 0.021213203435596
 0.021213203435596
 0.011174368393471
-0.006886326737426
 0.021213203435596
 0.021213203435596
 0.021213203435596
 0.021213203435596
 0.021213203435596
 0.021213203435596
 0.021213203435596
 0.021213203435596
 0.021213203435596
 0.021213203435596
 0.021213203435596
 0.021213203435596
 0.021213203435596
 0.021213203435596
 0.021213203435596
 0.021213203435596
 0.021213203435596
 0.021213203435596
 0.021213203435596
 0.021213203435596
 0.021213203435596
 0.021213203435596
 0.021213203435596
 0.021213203435596
 0.021213203435596
 0.021213203435596
 0.021213203435596
 0.021213203435596
 0.021213203435596
 0.021213203435596
 0.021213203435596
 0.021213203435596
 0.021213203435596
 0.021213203435596
 0.021213203435596
 0.021213203435596
 0.021213203435596
 0.021213203435596
 0.021213203435596
 0.021213203435596
 0.021213203435596
 0.021213203435596
 0.021213203435596
 0.021213203435596
 0.021213203435596
 0.021213203435596
 0.021213203435596
 0.021213203435596
 0.021213203435596
 0.021213203435596
 0.021213203435596
 0.021213203435596
 0.021213203435596
 0.021213203435596
 0.021213203435596
 0.010119975545267
 0.021213203435596
 0.021213203435596
 0.021213203435596
 0.021213203435596
 0.021213203435596
 0.021213203435596
 0.021213203435596
 0.003279947803086
 0.000000000000000
 0.000000000000000
 0.000000000000000
 0.000000000000000
 0.000000000000000
 0.000000000000000
 0.000000000000000
 0.000000000000000
 0.000000000000000
 0.000000000000000
 0.000000000000000
 0.000000000000000
 0.000000000000000
 0.000000000000000
 0.000000000000000
 0.000000000000000
 0.000000000000000
 0.000000000000000
 0.000000000000000
 0.000000000000000
 0.000000000000000
 0.000000000000000
 0.000000000000000
 0.000000000000000
 0.000000000000000
 0.000000000000000
 0.000000000000000
 0.000000000000000
 0.000000000000000
 0.000000000000000
 0.000000000000000
 0.000000000000000
 0.000000000000000
 0.000000000000000
 0.000000000000000
 0.000000000000000
 0.000000000000000
 0.000000000000000
 0.000000000000000
 0.000000000000000
 0.000000000000000
 0.000000000000000
 0.000000000000000
 0.000000000000000
 0.000000000000000
 0.000000000000000
 0.000000000000000
 0.000000000000000
 0.000000000000000
 0.000000000000000
 0.000000000000000
 0.000000000000000
 0.000000000000000
 0.000000000000000
 0.000000000000000
 0.000000000000000
 0.000000000000000
 0.000000000000000
 0.000000000000000
 0.000000000000000
 0.000000000000000
 0.000000000000000
 0.000000000000000
 0.000000000000000
 0.000000000000000
 0.000000000000000
 0.000000000000000
 0.000000000000000
 0.000000000000000
 0.000000000000000
 0.000000000000000
 0.000000000000000
 0.000000000000000
 0.000000000000000
 0.000000000000000
 0.000000000000000
 0.000000000000000
 0.000000000000000
 0.000000000000000
 0.000000000000000
 0.000000000000000
 0.000000000000000
 0.000000000000000
 0.000000000000000
 0.000000000000000
 0.000000000000000
 0.000000000000000
 0.000000000000000
 0.000000000000000
 0.000000000000000
 0.000000000000000
 0.000000000000000
 0.000000000000000
 0.000000000000000
 0.000000000000000
 0.000000000000000
 0.000000000000000
 0.000000000000000
 0.000000000000000
 0.000000000000000
 0.000000000000000
 0.000000000000000
 0.000000000000000
 0.000000000000000
 0.000000000000000
 0.000000000000000
 0.000000000000000
 0.000000000000000
 0.000000000000000
 0.000000000000000
 0.000000000000000
 0.000000000000000
 0.000000000000000
 0.000000000000000
 0.000000000000000
 0.000000000000000
 0.000000000000000
 0.000000000000000
 0.000000000000000
 0.000000000000000
 0.000000000000000
 0.000000000000000
 0.000000000000000
 0.000000000000000
 0.000000000000000
 0.000000000000000
 0.000000000000000
 0.000000000000000
 0.000000000000000
 0.000000000000000
 0.000000000000000
 0.000000000000000
 0.000000000000000
 0.000000000000000
 0.000000000000000
 0.000000000000000
 0.000000000000000
 0.000000000000000
 0.000000000000000
 0.000000000000000
 0.000000000000000
 0.000000000000000
 0.000000000000000
 0.000000000000000
 0.000000000000000
 0.000000000000000
 0.000000000000000
 0.000000000000000
 0.000000000000000
 0.000000000000000
 0.000000000000000
 0.000000000000000
 0.000000000000000
 0.000000000000000
 0.000000000000000
 0.000000000000000
 0.000000000000000
 0.000000000000000
 0.000000000000000
 0.000000000000000
 0.000000000000000
 0.000000000000000
 0.000000000000000
 0.000000000000000
 0.000000000000000
 0.000000000000000
 0.000000000000000
 0.000000000000000
 0.000000000000000
 0.000000000000000
 0.000000000000000
 0.000000000000000
 0.000000000000000
 0.000000000000000
 0.000000000000000
 0.000000000000000
 0.000000000000000
 0.000000000000000
 0.000000000000000
 0.000000000000000
 0.000000000000000
 0.000000000000000
 0.000000000000000
 0.000000000000000
 0.000000000000000
 0.000000000000000
 0.000000000000000
 0.000000000000000
 0.000000000000000
 0.000000000000000
 0.000000000000000
 0.000000000000000
 0.000000000000000
 0.000000000000000
 0.000000000000000
 0.000000000000000
 0.000000000000000
 0.000000000000000
 0.000000000000000
 0.000000000000000
 0.000000000000000
 0.000000000000000
 0.000000000000000
 0.000000000000000
 0.000000000000000
 0.000000000000000
 0.000000000000000
 0.000000000000000
 0.000000000000000
 0.000000000000000
 0.000000000000000
 0.000000000000000
 0.000000000000000
 0.000000000000000
 0.000000000000000
 0.000000000000000
 0.000000000000000
 0.000000000000000
 0.000000000000000
 0.000000000000000
 0.000000000000000
 0.000000000000000
 0.000000000000000
 0.000000000000000
 0.000000000000000
 0.000000000000000
 0.000000000000000
 0.000000000000000
 0.000000000000000
 0.000000000000000
 0.000000000000000
 0.000000000000000
 0.000000000000000
 0.000000000000000
 0.000000000000000
 0.000000000000000
 0.000000000000000
 0.000000000000000
 0.000000000000000
 0.000000000000000
 0.000000000000000
 0.000000000000000
 0.000000000000000
 0.000000000000000
 0.000000000000000
 0.000000000000000
 0.000000000000000
 0.000000000000000
 0.000000000000000
 0.000000000000000
 0.000000000000000
 0.000000000000000
 0.000000000000000
 0.000000000000000
 0.000000000000000
 0.000000000000000
 0.000000000000000
 0.000000000000000
 0.000000000000000
 0.000000000000000
 0.000000000000000
 0.000000000000000
 0.000000000000000
 0.000000000000000
 0.000000000000000
 0.000000000000000
 0.000000000000000
 0.000000000000000
 0.000000000000000
 0.000000000000000
 0.000000000000000
 0.000000000000000
 0.000000000000000
 0.000000000000000
 0.000000000000000
 0.000000000000000
 0.000000000000000
 0.000000000000000
 0.000000000000000
 0.000000000000000
 0.000000000000000
 0.000000000000000
 0.000000000000000
 0.000000000000000
 0.000000000000000
 0.000000000000000
 0.000000000000000
 0.000000000000000
 0.000000000000000
 0.000000000000000
 0.000000000000000
 0.000000000000000
 0.000000000000000
 0.000000000000000
 0.000000000000000
 0.000000000000000
 0.000000000000000
 0.000000000000000
 0.000000000000000
 0.000000000000000
 0.000000000000000
 0.000000000000000
 0.000000000000000
 0.000000000000000
 0.000000000000000
 0.000000000000000
 0.000000000000000
 0.000000000000000
 0.000000000000000
 0.000000000000000
 0.000000000000000
 0.000000000000000
 0.000000000000000
 0.000000000000000
 0.000000000000000
 0.000000000000000
 0.000000000000000
 0.000000000000000
 0.000000000000000
 0.000000000000000
 0.000000000000000
 0.000000000000000
 0.000000000000000
 0.000000000000000
 0.000000000000000
 0.000000000000000
 0.000000000000000
 0.000000000000000
 0.000000000000000
 0.000000000000000
 0.000000000000000
 0.000000000000000
 0.000000000000000
 0.000000000000000
 0.000000000000000
 0.000000000000000
 0.000000000000000
 0.000000000000000
 0.000000000000000
 0.000000000000000
 0.000000000000000
 0.000000000000000
 0.000000000000000
 0.000000000000000
 0.000000000000000
 0.000000000000000
 0.000000000000000
 0.000000000000000
 0.000000000000000
 0.000000000000000
 0.000000000000000
 0.000000000000000
 0.000000000000000
 0.000000000000000
 0.000000000000000
 0.000000000000000
 0.000000000000000
 0.000000000000000
 0.000000000000000
 0.000000000000000
 0.000000000000000
 0.000000000000000
 0.000000000000000
 0.000000000000000
 0.000000000000000
 0.000000000000000
 0.000000000000000
 0.000000000000000
 0.000000000000000
 0.000000000000000
 0.000000000000000
 0.000000000000000
 0.000000000000000
 0.000000000000000
 0.000000000000000
 0.000000000000000
 0.000000000000000
 0.000000000000000
 0.000000000000000
 0.000000000000000
 0.000000000000000
 0.000000000000000
 0.000000000000000
 0.000000000000000
 0.000000000000000
 0.000000000000000
 0.000000000000000
 0.000000000000000
 0.000000000000000
 0.000000000000000
 0.000000000000000
 0.000000000000000
 0.000000000000000
 0.000000000000000
 0.000000000000000
 0.000000000000000
 0.000000000000000
 0.000000000000000
 0.000000000000000
 0.000000000000000
 0.000000000000000
 0.000000000000000
 0.000000000000000
 0.000000000000000
 0.000000000000000
 0.000000000000000
 0.000000000000000
 0.000000000000000
 0.000000000000000
 0.000000000000000
 0.000000000000000
 0.000000000000000
 0.000000000000000
 0.000000000000000
 0.000000000000000
 0.000000000000000
 0.000000000000000
 0.000000000000000
 0.000000000000000
 0.000000000000000
 0.000000000000000
 0.000000000000000
 0.000000000000000
 0.000000000000000
 0.000000000000000
 0.000000000000000
 0.000000000000000
 0.000000000000000
 0.000000000000000
 0.000000000000000
 0.000000000000000
 0.000000000000000
 0.000000000000000
 0.000000000000000
 0.000000000000000
 0.000000000000000
 0.000000000000000
 0.000000000000000
 0.000000000000000
 0.000000000000000
 0.000000000000000
 0.000000000000000
 0.000000000000000
 0.000000000000000
 0.000000000000000
 0.000000000000000
 0.000000000000000
 0.000000000000000
 0.000000000000000
 0.000000000000000
 0.000000000000000
 0.000000000000000
 0.000000000000000
 0.000000000000000
 0.000000000000000
 0.000000000000000
 0.000000000000000
 0.000000000000000
 0.000000000000000
 0.000000000000000
 0.000000000000000
 0.000000000000000
 0.000000000000000
 0.000000000000000
 0.000000000000000
 0.000000000000000
 0.000000000000000
 0.000000000000000
 0.000000000000000
 0.000000000000000
 0.000000000000000
 0.000000000000000
 0.000000000000000
 0.000000000000000
 0.000000000000000
 0.000000000000000
 0.000000000000000
 0.000000000000000
 0.000000000000000
 0.000000000000000
 0.000000000000000
 0.000000000000000
 0.000000000000000
 0.000000000000000
 0.000000000000000
 0.000000000000000
 0.000000000000000
 0.000000000000000
 0.000000000000000
 0.000000000000000
 0.000000000000000
 0.000000000000000
 0.000000000000000
 0.000000000000000
 0.000000000000000
 0.000000000000000
 0.000000000000000
 0.000000000000000
 0.000000000000000
 0.000000000000000
 0.000000000000000
 0.000000000000000
 0.000000000000000
 0.000000000000000
 0.000000000000000
 0.000000000000000
 0.000000000000000
 0.000000000000000
 0.000000000000000
 0.018856180831877
 0.145309158001686
 0.000000000000000
