  -1.800   -1.800   -1.800       0.000000
  -1.800   -1.800   -1.200       0.000000
  -1.800   -1.800   -0.600       0.000000
  -1.800   -1.800   -0.000       0.000000
  -1.800   -1.800    0.600       0.000000
  -1.800   -1.800    1.200       0.000000
  -1.800   -1.800    1.800       0.000000
  -1.800   -1.800    2.400       0.000000
  -1.800   -1.200   -1.800       0.000000
  -1.800   -1.200   -1.200       0.000000
  -1.800   -1.200   -0.600       0.000000
  -1.800   -1.200   -0.000       0.000000
  -1.800   -1.200    0.600       0.000000
  -1.800   -1.200    1.200       0.000000
  -1.800   -1.200    1.800       0.000000
  -1.800   -1.200    2.400       0.000000
  -1.800   -0.600   -1.800       0.000000
  -1.800   -0.600   -1.200       0.000000
  -1.800   -0.600   -0.600       0.000000
  -1.800   -0.600   -0.000       0.000000
  -1.800   -0.600    0.600       0.000000
  -1.800   -0.600    1.200       0.000000
  -1.800   -0.600    1.800       0.000000
  -1.800   -0.600    2.400       0.000000
  -1.800   -0.000   -1.800       0.000000
  -1.800   -0.000   -1.200       0.000000
  -1.800   -0.000   -0.600       0.000000
  -1.800   -0.000   -0.000       0.000000
  -1.800   -0.000    0.600       0.000000
  -1.800   -0.000    1.200       0.000000
  -1.800   -0.000    1.800       0.000000
  -1.800   -0.000    2.400       0.000000
  -1.800    0.600   -1.800       0.000000
  -1.800    0.600   -1.200       0.000000
  -1.800    0.600   -0.600       0.000000
  -1.800    0.600   -0.000       0.000000
  -1.800    0.600    0.600       0.000000
  -1.800    0.600    1.200       0.000000
  -1.800    0.600    1.800       0.000000
  -1.800    0.600    2.400       0.000000
  -1.800    1.200   -1.800       0.000000
  -1.800    1.200   -1.200       0.000000
  -1.800    1.200   -0.600       0.000000
  -1.800    1.200   -0.000       0.000000
  -1.800    1.200    0.600       0.000000
  -1.800    1.200    1.200       0.000000
  -1.800    1.200    1.800       0.000000
  -1.800    1.200    2.400       0.000000
  -1.800    1.800   -1.800       0.000000
  -1.800    1.800   -1.200       0.000000
  -1.800    1.800   -0.600       0.000000
  -1.800    1.800   -0.000       0.000000
  -1.800    1.800    0.600       0.000000
  -1.800    1.800    1.200       0.000000
  -1.800    1.800    1.800       0.000000
  -1.800    1.800    2.400       0.000000
  -1.800    2.400   -1.800       0.000000
  -1.800    2.400   -1.200       0.000000
  -1.800    2.400   -0.600       0.000000
  -1.800    2.400   -0.000       0.000000
  -1.800    2.400    0.600       0.000000
  -1.800    2.400    1.200       0.000000
  -1.800    2.400    1.800       0.000000
  -1.800    2.400    2.400       0.000000
  -1.200   -1.800   -1.800       0.000000
  -1.200   -1.800   -1.200       0.000000
  -1.200   -1.800   -0.600       0.000000
  -1.200   -1.800   -0.000       0.000000
  -1.200   -1.800    0.600       0.000000
  -1.200   -1.800    1.200       0.000000
  -1.200   -1.800    1.800       0.000000
  -1.200   -1.800    2.400       0.000000
  -1.200   -1.200   -1.800       0.000000
  -1.200   -1.200   -1.200       0.000000
  -1.200   -1.200   -0.600       0.000000
  -1.200   -1.200   -0.000       0.000000
  -1.200   -1.200    0.600       0.000000
  -1.200   -1.200    1.200       0.000000
  -1.200   -1.200    1.800       0.000000
  -1.200   -1.200    2.400       0.000000
  -1.200   -0.600   -1.800       0.000000
  -1.200   -0.600   -1.200       0.000000
  -1.200   -0.600   -0.600       0.000000
  -1.200   -0.600   -0.000       0.000000
  -1.200   -0.600    0.600       0.000000
  -1.200   -0.600    1.200       0.000000
  -1.200   -0.600    1.800       0.000000
  -1.200   -0.600    2.400       0.000000
  -1.200   -0.000   -1.800       0.000000
  -1.200   -0.000   -1.200       0.000000
  -1.200   -0.000   -0.600       0.000000
  -1.200   -0.000   -0.000       0.000000
  -1.200   -0.000    0.600       0.000000
  -1.200   -0.000    1.200       0.000000
  -1.200   -0.000    1.800       0.000000
  -1.200   -0.000    2.400       0.000000
  -1.200    0.600   -1.800       0.000000
  -1.200    0.600   -1.200       0.000000
  -1.200    0.600   -0.600       0.000000
  -1.200    0.600   -0.000       0.000000
  -1.200    0.600    0.600       0.000000
  -1.200    0.600    1.200       0.000000
  -1.200    0.600    1.800       0.000000
  -1.200    0.600    2.400       0.000000
  -1.200    1.200   -1.800       0.000000
  -1.200    1.200   -1.200       0.000000
  -1.200    1.200   -0.600       0.000000
  -1.200    1.200   -0.000       0.000000
  -1.200    1.200    0.600       0.000000
  -1.200    1.200    1.200       0.000000
  -1.200    1.200    1.800       0.000000
  -1.200    1.200    2.400       0.000000
  -1.200    1.800   -1.800       0.000000
  -1.200    1.800   -1.200       0.000000
  -1.200    1.800   -0.600       0.000000
  -1.200    1.800   -0.000       0.000000
  -1.200    1.800    0.600       0.000000
  -1.200    1.800    1.200       0.000000
  -1.200    1.800    1.800       0.000000
  -1.200    1.800    2.400       0.000000
  -1.200    2.400   -1.800       0.000000
  -1.200    2.400   -1.200       0.000000
  -1.200    2.400   -0.600       0.000000
  -1.200    2.400   -0.000       0.000000
  -1.200    2.400    0.600       0.000000
  -1.200    2.400    1.200       0.000000
  -1.200    2.400    1.800       0.000000
  -1.200    2.400    2.400       0.000000
  -0.600   -1.800   -1.800       0.000000
  -0.600   -1.800   -1.200       0.000000
  -0.600   -1.800   -0.600       0.000000
  -0.600   -1.800   -0.000       0.000000
  -0.600   -1.800    0.600       0.000000
  -0.600   -1.800    1.200       0.000000
  -0.600   -1.800    1.800       0.000000
  -0.600   -1.800    2.400       0.000000
  -0.600   -1.200   -1.800       0.000000
  -0.600   -1.200   -1.200       0.000000
  -0.600   -1.200   -0.600       0.000000
  -0.600   -1.200   -0.000       0.000000
  -0.600   -1.200    0.600       0.000000
  -0.600   -1.200    1.200       0.000000
  -0.600   -1.200    1.800       0.000000
  -0.600   -1.200    2.400       0.000000
  -0.600   -0.600   -1.800       0.000000
  -0.600   -0.600   -1.200       0.000000
  -0.600   -0.600   -0.600       0.000000
  -0.600   -0.600   -0.000       0.000000
  -0.600   -0.600    0.600       0.000000
  -0.600   -0.600    1.200       0.000000
  -0.600   -0.600    1.800       0.000000
  -0.600   -0.600    2.400       0.000000
  -0.600   -0.000   -1.800       0.000000
  -0.600   -0.000   -1.200       0.000000
  -0.600   -0.000   -0.600       0.000000
  -0.600   -0.000   -0.000       0.000000
  -0.600   -0.000    0.600       0.000000
  -0.600   -0.000    1.200       0.000000
  -0.600   -0.000    1.800       0.000000
  -0.600   -0.000    2.400       0.000000
  -0.600    0.600   -1.800       0.000000
  -0.600    0.600   -1.200       0.000000
  -0.600    0.600   -0.600       0.000000
  -0.600    0.600   -0.000       0.000000
  -0.600    0.600    0.600       0.000000
  -0.600    0.600    1.200       0.000000
  -0.600    0.600    1.800       0.000000
  -0.600    0.600    2.400       0.000000
  -0.600    1.200   -1.800       0.000000
  -0.600    1.200   -1.200       0.000000
  -0.600    1.200   -0.600       0.000000
  -0.600    1.200   -0.000       0.000000
  -0.600    1.200    0.600       0.000000
  -0.600    1.200    1.200       0.000000
  -0.600    1.200    1.800       0.000000
  -0.600    1.200    2.400       0.000000
  -0.600    1.800   -1.800       0.000000
  -0.600    1.800   -1.200       0.000000
  -0.600    1.800   -0.600       0.000000
  -0.600    1.800   -0.000       0.000000
  -0.600    1.800    0.600       0.000000
  -0.600    1.800    1.200       0.000000
  -0.600    1.800    1.800       0.000000
  -0.600    1.800    2.400       0.000000
  -0.600    2.400   -1.800       0.000000
  -0.600    2.400   -1.200       0.000000
  -0.600    2.400   -0.600       0.000000
  -0.600    2.400   -0.000       0.000000
  -0.600    2.400    0.600       0.000000
  -0.600    2.400    1.200       0.000000
  -0.600    2.400    1.800       0.000000
  -0.600    2.400    2.400       0.000000
  -0.000   -1.800   -1.800       0.000000
  -0.000   -1.800   -1.200       0.000000
  -0.000   -1.800   -0.600       0.000000
  -0.000   -1.800   -0.000       0.000000
  -0.000   -1.800    0.600       0.000000
  -0.000   -1.800    1.200       0.000000
  -0.000   -1.800    1.800       0.000000
  -0.000   -1.800    2.400       0.000000
  -0.000   -1.200   -1.800       0.000000
  -0.000   -1.200   -1.200       0.000000
  -0.000   -1.200   -0.600       0.000000
  -0.000   -1.200   -0.000       0.000000
  -0.000   -1.200    0.600       0.000000
  -0.000   -1.200    1.200       0.000000
  -0.000   -1.200    1.800       0.000000
  -0.000   -1.200    2.400       0.000000
  -0.000   -0.600   -1.800       0.000000
  -0.000   -0.600   -1.200       0.000000
  -0.000   -0.600   -0.600       0.000000
  -0.000   -0.600   -0.000       0.000000
  -0.000   -0.600    0.600       0.000000
  -0.000   -0.600    1.200       0.000000
  -0.000   -0.600    1.800       0.000000
  -0.000   -0.600    2.400       0.000000
  -0.000   -0.000   -1.800       0.000000
  -0.000   -0.000   -1.200       0.000000
  -0.000   -0.000   -0.600       0.000000
  -0.000   -0.000   -0.000       0.000000
  -0.000   -0.000    0.600       0.000000
  -0.000   -0.000    1.200       0.000000
  -0.000   -0.000    1.800       0.000000
  -0.000   -0.000    2.400       0.000000
  -0.000    0.600   -1.800       0.000000
  -0.000    0.600   -1.200       0.000000
  -0.000    0.600   -0.600       0.000000
  -0.000    0.600   -0.000       0.000000
  -0.000    0.600    0.600       0.000000
  -0.000    0.600    1.200       0.000000
  -0.000    0.600    1.800       0.000000
  -0.000    0.600    2.400       0.000000
  -0.000    1.200   -1.800       0.000000
  -0.000    1.200   -1.200       0.000000
  -0.000    1.200   -0.600       0.000883
  -0.000    1.200   -0.000       0.009117
  -0.000    1.200    0.600       0.000000
  -0.000    1.200    1.200       0.000000
  -0.000    1.200    1.800       0.000000
  -0.000    1.200    2.400       0.000000
  -0.000    1.800   -1.800       0.000000
  -0.000    1.800   -1.200       0.000000
  -0.000    1.800   -0.600       0.021200
  -0.000    1.800   -0.000       0.218800
  -0.000    1.800    0.600       0.000000
  -0.000    1.800    1.200       0.000000
  -0.000    1.800    1.800       0.000000
  -0.000    1.800    2.400       0.000000
  -0.000    2.400   -1.800       0.000000
  -0.000    2.400   -1.200       0.000000
  -0.000    2.400   -0.600       0.000000
  -0.000    2.400   -0.000       0.000000
  -0.000    2.400    0.600       0.000000
  -0.000    2.400    1.200       0.000000
  -0.000    2.400    1.800       0.000000
  -0.000    2.400    2.400       0.000000
   0.600   -1.800   -1.800       0.000000
   0.600   -1.800   -1.200       0.000000
   0.600   -1.800   -0.600       0.000000
   0.600   -1.800   -0.000       0.000000
   0.600   -1.800    0.600       0.000000
   0.600   -1.800    1.200       0.000000
   0.600   -1.800    1.800       0.000000
   0.600   -1.800    2.400       0.000000
   0.600   -1.200   -1.800       0.000000
   0.600   -1.200   -1.200       0.000000
   0.600   -1.200   -0.600       0.000000
   0.600   -1.200   -0.000       0.000000
   0.600   -1.200    0.600       0.000000
   0.600   -1.200    1.200       0.000000
   0.600   -1.200    1.800       0.000000
   0.600   -1.200    2.400       0.000000
   0.600   -0.600   -1.800       0.000000
   0.600   -0.600   -1.200       0.000000
   0.600   -0.600   -0.600       0.000000
   0.600   -0.600   -0.000       0.000000
   0.600   -0.600    0.600       0.000000
   0.600   -0.600    1.200       0.000000
   0.600   -0.600    1.800       0.000000
   0.600   -0.600    2.400       0.000000
   0.600   -0.000   -1.800       0.000000
   0.600   -0.000   -1.200       0.000000
   0.600   -0.000   -0.600       0.000000
   0.600   -0.000   -0.000       0.000000
   0.600   -0.000    0.600       0.000000
   0.600   -0.000    1.200       0.000000
   0.600   -0.000    1.800       0.000000
   0.600   -0.000    2.400       0.000000
   0.600    0.600   -1.800       0.000000
   0.600    0.600   -1.200       0.000000
   0.600    0.600   -0.600       0.000000
   0.600    0.600   -0.000       0.000000
   0.600    0.600    0.600       0.000000
   0.600    0.600    1.200       0.002320
   0.600    0.600    1.800       0.070930
   0.600    0.600    2.400       0.000000
   0.600    1.200   -1.800       0.000000
   0.600    1.200   -1.200       0.000000
   0.600    1.200   -0.600       0.002650
   0.600    1.200   -0.000       0.027350
   0.600    1.200    0.600       0.000000
   0.600    1.200    1.200       0.000055
   0.600    1.200    1.800       0.001695
   0.600    1.200    2.400       0.000000
   0.600    1.800   -1.800       0.000000
   0.600    1.800   -1.200       0.000000
   0.600    1.800   -0.600       0.063600
   0.600    1.800   -0.000       0.656400
   0.600    1.800    0.600       0.000000
   0.600    1.800    1.200       0.000000
   0.600    1.800    1.800       0.000000
   0.600    1.800    2.400       0.000000
   0.600    2.400   -1.800       0.000000
   0.600    2.400   -1.200       0.000000
   0.600    2.400   -0.600       0.000000
   0.600    2.400   -0.000       0.000000
   0.600    2.400    0.600       0.000000
   0.600    2.400    1.200       0.000000
   0.600    2.400    1.800       0.000000
   0.600    2.400    2.400       0.000000
   1.200   -1.800   -1.800       0.000000
   1.200   -1.800   -1.200       0.000000
   1.200   -1.800   -0.600       0.000000
   1.200   -1.800   -0.000       0.000000
   1.200   -1.800    0.600       0.000000
   1.200   -1.800    1.200       0.000000
   1.200   -1.800    1.800       0.000000
   1.200   -1.800    2.400       0.000000
   1.200   -1.200   -1.800       0.000000
   1.200   -1.200   -1.200       0.000000
   1.200   -1.200   -0.600       0.000000
   1.200   -1.200   -0.000       0.000000
   1.200   -1.200    0.600       0.000000
   1.200   -1.200    1.200       0.000000
   1.200   -1.200    1.800       0.000000
   1.200   -1.200    2.400       0.000000
   1.200   -0.600   -1.800       0.000000
   1.200   -0.600   -1.200       0.000000
   1.200   -0.600   -0.600       0.000000
   1.200   -0.600   -0.000       0.000000
   1.200   -0.600    0.600       0.000000
   1.200   -0.600    1.200       0.000000
   1.200   -0.600    1.800       0.000000
   1.200   -0.600    2.400       0.000000
   1.200   -0.000   -1.800       0.000000
   1.200   -0.000   -1.200       0.000000
   1.200   -0.000   -0.600       0.000000
   1.200   -0.000   -0.000       0.000000
   1.200   -0.000    0.600       0.000000
   1.200   -0.000    1.200       0.000000
   1.200   -0.000    1.800       0.000000
   1.200   -0.000    2.400       0.000000
   1.200    0.600   -1.800       0.000000
   1.200    0.600   -1.200       0.000000
   1.200    0.600   -0.600       0.000000
   1.200    0.600   -0.000       0.000000
   1.200    0.600    0.600       0.000000
   1.200    0.600    1.200       0.028608
   1.200    0.600    1.800       0.874808
   1.200    0.600    2.400       0.000000
   1.200    1.200   -1.800       0.000000
   1.200    1.200   -1.200       0.000000
   1.200    1.200   -0.600       0.000000
   1.200    1.200   -0.000       0.000000
   1.200    1.200    0.600       0.000000
   1.200    1.200    1.200       0.000683
   1.200    1.200    1.800       0.020900
   1.200    1.200    2.400       0.000000
   1.200    1.800   -1.800       0.000000
   1.200    1.800   -1.200       0.000000
   1.200    1.800   -0.600       0.000000
   1.200    1.800   -0.000       0.000000
   1.200    1.800    0.600       0.000000
   1.200    1.800    1.200       0.000000
   1.200    1.800    1.800       0.000000
   1.200    1.800    2.400       0.000000
   1.200    2.400   -1.800       0.000000
   1.200    2.400   -1.200       0.000000
   1.200    2.400   -0.600       0.000000
   1.200    2.400   -0.000       0.000000
   1.200    2.400    0.600       0.000000
   1.200    2.400    1.200       0.000000
   1.200    2.400    1.800       0.000000
   1.200    2.400    2.400       0.000000
   1.800   -1.800   -1.800       0.000000
   1.800   -1.800   -1.200       0.000000
   1.800   -1.800   -0.600       0.000000
   1.800   -1.800   -0.000       0.000000
   1.800   -1.800    0.600       0.000000
   1.800   -1.800    1.200       0.000000
   1.800   -1.800    1.800       0.000000
   1.800   -1.800    2.400       0.000000
   1.800   -1.200   -1.800       0.000000
   1.800   -1.200   -1.200       0.000000
   1.800   -1.200   -0.600       0.000000
   1.800   -1.200   -0.000       0.000000
   1.800   -1.200    0.600       0.000000
   1.800   -1.200    1.200       0.000000
   1.800   -1.200    1.800       0.000000
   1.800   -1.200    2.400       0.000000
   1.800   -0.600   -1.800       0.000000
   1.800   -0.600   -1.200       0.000000
   1.800   -0.600   -0.600       0.000000
   1.800   -0.600   -0.000       0.000000
   1.800   -0.600    0.600       0.000000
   1.800   -0.600    1.200       0.000000
   1.800   -0.600    1.800       0.000000
   1.800   -0.600    2.400       0.000000
   1.800   -0.000   -1.800       0.000000
   1.800   -0.000   -1.200       0.000000
   1.800   -0.000   -0.600       0.000000
   1.800   -0.000   -0.000       0.000000
   1.800   -0.000    0.600       0.000000
   1.800   -0.000    1.200       0.000000
   1.800   -0.000    1.800       0.000000
   1.800   -0.000    2.400       0.000000
   1.800    0.600   -1.800       0.000000
   1.800    0.600   -1.200       0.000000
   1.800    0.600   -0.600       0.000000
   1.800    0.600   -0.000       0.000000
   1.800    0.600    0.600       0.000000
   1.800    0.600    1.200       0.000000
   1.800    0.600    1.800       0.000000
   1.800    0.600    2.400       0.000000
   1.800    1.200   -1.800       0.000000
   1.800    1.200   -1.200       0.000000
   1.800    1.200   -0.600       0.000000
   1.800    1.200   -0.000       0.000000
   1.800    1.200    0.600       0.000000
   1.800    1.200    1.200       0.000000
   1.800    1.200    1.800       0.000000
   1.800    1.200    2.400       0.000000
   1.800    1.800   -1.800       0.000000
   1.800    1.800   -1.200       0.000000
   1.800    1.800   -0.600       0.000000
   1.800    1.800   -0.000       0.000000
   1.800    1.800    0.600       0.000000
   1.800    1.800    1.200       0.000000
   1.800    1.800    1.800       0.000000
   1.800    1.800    2.400       0.000000
   1.800    2.400   -1.800       0.000000
   1.800    2.400   -1.200       0.000000
   1.800    2.400   -0.600       0.000000
   1.800    2.400   -0.000       0.000000
   1.800    2.400    0.600       0.000000
   1.800    2.400    1.200       0.000000
   1.800    2.400    1.800       0.000000
   1.800    2.400    2.400       0.000000
   2.400   -1.800   -1.800       0.000000
   2.400   -1.800   -1.200       0.000000
   2.400   -1.800   -0.600       0.000000
   2.400   -1.800   -0.000       0.000000
   2.400   -1.800    0.600       0.000000
   2.400   -1.800    1.200       0.000000
   2.400   -1.800    1.800       0.000000
   2.400   -1.800    2.400       0.000000
   2.400   -1.200   -1.800       0.000000
   2.400   -1.200   -1.200       0.000000
   2.400   -1.200   -0.600       0.000000
   2.400   -1.200   -0.000       0.000000
   2.400   -1.200    0.600       0.000000
   2.400   -1.200    1.200       0.000000
   2.400   -1.200    1.800       0.000000
   2.400   -1.200    2.400       0.000000
   2.400   -0.600   -1.800       0.000000
   2.400   -0.600   -1.200       0.000000
   2.400   -0.600   -0.600       0.000000
   2.400   -0.600   -0.000       0.000000
   2.400   -0.600    0.600       0.000000
   2.400   -0.600    1.200       0.000000
   2.400   -0.600    1.800       0.000000
   2.400   -0.600    2.400       0.000000
   2.400   -0.000   -1.800       0.000000
   2.400   -0.000   -1.200       0.000000
   2.400   -0.000   -0.600       0.000000
   2.400   -0.000   -0.000       0.000000
   2.400   -0.000    0.600       0.000000
   2.400   -0.000    1.200       0.000000
   2.400   -0.000    1.800       0.000000
   2.400   -0.000    2.400       0.000000
   2.400    0.600   -1.800       0.000000
   2.400    0.600   -1.200       0.000000
   2.400    0.600   -0.600       0.000000
   2.400    0.600   -0.000       0.000000
   2.400    0.600    0.600       0.000000
   2.400    0.600    1.200       0.000000
   2.400    0.600    1.800       0.000000
   2.400    0.600    2.400       0.000000
   2.400    1.200   -1.800       0.000000
   2.400    1.200   -1.200       0.000000
   2.400    1.200   -0.600       0.000000
   2.400    1.200   -0.000       0.000000
   2.400    1.200    0.600       0.000000
   2.400    1.200    1.200       0.000000
   2.400    1.200    1.800       0.000000
   2.400    1.200    2.400       0.000000
   2.400    1.800   -1.800       0.000000
   2.400    1.800   -1.200       0.000000
   2.400    1.800   -0.600       0.000000
   2.400    1.800   -0.000       0.000000
   2.400    1.800    0.600       0.000000
   2.400    1.800    1.200       0.000000
   2.400    1.800    1.800       0.000000
   2.400    1.800    2.400       0.000000
   2.400    2.400   -1.800       0.000000
   2.400    2.400   -1.200       0.000000
   2.400    2.400   -0.600       0.000000
   2.400    2.400   -0.000       0.000000
   2.400    2.400    0.600       0.000000
   2.400    2.400    1.200       0.000000
   2.400    2.400    1.800       0.000000
   2.400    2.400    2.400       0.000000
