  -1.800   -1.800   -1.800       0.000000
  -1.800   -1.800   -1.200       0.000000
  -1.800   -1.800   -0.600       0.000000
  -1.800   -1.800   -0.000       0.000000
  -1.800   -1.800    0.600       0.000000
  -1.800   -1.800    1.200       0.000000
  -1.800   -1.800    1.800       0.000000
  -1.800   -1.800    2.400       0.000000
  -1.800   -1.200   -1.800       0.000000
  -1.800   -1.200   -1.200       0.000000
  -1.800   -1.200   -0.600       0.000000
  -1.800   -1.200   -0.000       0.000000
  -1.800   -1.200    0.600       0.000000
  -1.800   -1.200    1.200       0.000000
  -1.800   -1.200    1.800       0.000000
  -1.800   -1.200    2.400       0.000000
  -1.800   -0.600   -1.800       0.000000
  -1.800   -0.600   -1.200       0.000000
  -1.800   -0.600   -0.600       0.000000
  -1.800   -0.600   -0.000       0.000000
  -1.800   -0.600    0.600       0.000000
  -1.800   -0.600    1.200       0.000000
  -1.800   -0.600    1.800       0.000000
  -1.800   -0.600    2.400       0.000000
  -1.800   -0.000   -1.800       0.000000
  -1.800   -0.000   -1.200       0.000000
  -1.800   -0.000   -0.600       0.000000
  -1.800   -0.000   -0.000       0.000000
  -1.800   -0.000    0.600       0.000000
  -1.800   -0.000    1.200       0.000000
  -1.800   -0.000    1.800       0.000000
  -1.800   -0.000    2.400       0.000000
  -1.800    0.600   -1.800       0.000000
  -1.800    0.600   -1.200       0.000000
  -1.800    0.600   -0.600       0.000000
  -1.800    0.600   -0.000       0.000000
  -1.800    0.600    0.600       0.000000
  -1.800    0.600    1.200       0.000000
  -1.800    0.600    1.800       0.000000
  -1.800    0.600    2.400       0.000000
  -1.800    1.200   -1.800       0.000000
  -1.800    1.200   -1.200       0.000000
  -1.800    1.200   -0.600       0.000000
  -1.800    1.200   -0.000       0.000000
  -1.800    1.200    0.600       0.000000
  -1.800    1.200    1.200       0.000000
  -1.800    1.200    1.800       0.000000
  -1.800    1.200    2.400       0.000000
  -1.800    1.800   -1.800       0.000000
  -1.800    1.800   -1.200       0.000000
  -1.800    1.800   -0.600       0.000000
  -1.800    1.800   -0.000       0.000000
  -1.800    1.800    0.600       0.000000
  -1.800    1.800    1.200       0.000000
  -1.800    1.800    1.800       0.000000
  -1.800    1.800    2.400       0.000000
  -1.800    2.400   -1.800       0.000000
  -1.800    2.400   -1.200       0.000000
  -1.800    2.400   -0.600       0.000000
  -1.800    2.400   -0.000       0.000000
  -1.800    2.400    0.600       0.000000
  -1.800    2.400    1.200       0.000000
  -1.800    2.400    1.800       0.000000
  -1.800    2.400    2.400       0.000000
  -1.200   -1.800   -1.800       0.000000
  -1.200   -1.800   -1.200       0.000000
  -1.200   -1.800   -0.600       0.000000
  -1.200   -1.800   -0.000       0.000000
  -1.200   -1.800    0.600       0.000000
  -1.200   -1.800    1.200       0.000000
  -1.200   -1.800    1.800       0.000000
  -1.200   -1.800    2.400       0.000000
  -1.200   -1.200   -1.800       0.000000
  -1.200   -1.200   -1.200       0.000000
  -1.200   -1.200   -0.600       0.000000
  -1.200   -1.200   -0.000       0.000000
  -1.200   -1.200    0.600       0.000000
  -1.200   -1.200    1.200       0.000000
  -1.200   -1.200    1.800       0.000000
  -1.200   -1.200    2.400       0.000000
  -1.200   -0.600   -1.800       0.000000
  -1.200   -0.600   -1.200       0.000000
  -1.200   -0.600   -0.600       0.000000
  -1.200   -0.600   -0.000       0.000000
  -1.200   -0.600    0.600       0.000000
  -1.200   -0.600    1.200       0.000000
  -1.200   -0.600    1.800       0.000000
  -1.200   -0.600    2.400       0.000000
  -1.200   -0.000   -1.800       0.000000
  -1.200   -0.000   -1.200       0.000000
  -1.200   -0.000   -0.600       0.000000
  -1.200   -0.000   -0.000       0.000000
  -1.200   -0.000    0.600       0.000000
  -1.200   -0.000    1.200       0.000000
  -1.200   -0.000    1.800       0.000000
  -1.200   -0.000    2.400       0.000000
  -1.200    0.600   -1.800       0.000000
  -1.200    0.600   -1.200       0.000000
  -1.200    0.600   -0.600       0.000000
  -1.200    0.600   -0.000       0.000000
  -1.200    0.600    0.600       0.000000
  -1.200    0.600    1.200       0.000000
  -1.200    0.600    1.800       0.000000
  -1.200    0.600    2.400       0.000000
  -1.200    1.200   -1.800       0.000000
  -1.200    1.200   -1.200       0.000000
  -1.200    1.200   -0.600       0.000000
  -1.200    1.200   -0.000       0.000000
  -1.200    1.200    0.600       0.000000
  -1.200    1.200    1.200       0.000000
  -1.200    1.200    1.800       0.000000
  -1.200    1.200    2.400       0.000000
  -1.200    1.800   -1.800       0.000000
  -1.200    1.800   -1.200       0.000000
  -1.200    1.800   -0.600       0.000000
  -1.200    1.800   -0.000       0.000000
  -1.200    1.800    0.600       0.000000
  -1.200    1.800    1.200       0.000000
  -1.200    1.800    1.800       0.000000
  -1.200    1.800    2.400       0.000000
  -1.200    2.400   -1.800       0.000000
  -1.200    2.400   -1.200       0.000000
  -1.200    2.400   -0.600       0.000000
  -1.200    2.400   -0.000       0.000000
  -1.200    2.400    0.600       0.000000
  -1.200    2.400    1.200       0.000000
  -1.200    2.400    1.800       0.000000
  -1.200    2.400    2.400       0.000000
  -0.600   -1.800   -1.800       0.000000
  -0.600   -1.800   -1.200       0.000000
  -0.600   -1.800   -0.600       0.000000
  -0.600   -1.800   -0.000       0.000000
  -0.600   -1.800    0.600       0.000000
  -0.600   -1.800    1.200       0.000000
  -0.600   -1.800    1.800       0.000000
  -0.600   -1.800    2.400       0.000000
  -0.600   -1.200   -1.800       0.000000
  -0.600   -1.200   -1.200       0.000000
  -0.600   -1.200   -0.600       0.000000
  -0.600   -1.200   -0.000       0.000000
  -0.600   -1.200    0.600       0.000000
  -0.600   -1.200    1.200       0.000000
  -0.600   -1.200    1.800       0.000000
  -0.600   -1.200    2.400       0.000000
  -0.600   -0.600   -1.800       0.000000
  -0.600   -0.600   -1.200       0.000000
  -0.600   -0.600   -0.600       0.000000
  -0.600   -0.600   -0.000       0.000000
  -0.600   -0.600    0.600       0.000000
  -0.600   -0.600    1.200       0.171420
  -0.600   -0.600    1.800       0.152014
  -0.600   -0.600    2.400       0.000000
  -0.600   -0.000   -1.800       0.000000
  -0.600   -0.000   -1.200       0.000000
  -0.600   -0.000   -0.600       0.000000
  -0.600   -0.000   -0.000       0.000000
  -0.600   -0.000    0.600       0.000000
  -0.600   -0.000    1.200       0.157180
  -0.600   -0.000    1.800       0.139386
  -0.600   -0.000    2.400       0.000000
  -0.600    0.600   -1.800       0.000000
  -0.600    0.600   -1.200       0.000000
  -0.600    0.600   -0.600       0.000000
  -0.600    0.600   -0.000       0.000000
  -0.600    0.600    0.600       0.000000
  -0.600    0.600    1.200       0.000000
  -0.600    0.600    1.800       0.000000
  -0.600    0.600    2.400       0.000000
  -0.600    1.200   -1.800       0.000000
  -0.600    1.200   -1.200       0.000000
  -0.600    1.200   -0.600       0.000000
  -0.600    1.200   -0.000       0.000000
  -0.600    1.200    0.600       0.000000
  -0.600    1.200    1.200       0.000000
  -0.600    1.200    1.800       0.000000
  -0.600    1.200    2.400       0.000000
  -0.600    1.800   -1.800       0.000000
  -0.600    1.800   -1.200       0.000000
  -0.600    1.800   -0.600       0.000000
  -0.600    1.800   -0.000       0.000000
  -0.600    1.800    0.600       0.000000
  -0.600    1.800    1.200       0.000000
  -0.600    1.800    1.800       0.000000
  -0.600    1.800    2.400       0.000000
  -0.600    2.400   -1.800       0.000000
  -0.600    2.400   -1.200       0.000000
  -0.600    2.400   -0.600       0.000000
  -0.600    2.400   -0.000       0.000000
  -0.600    2.400    0.600       0.000000
  -0.600    2.400    1.200       0.000000
  -0.600    2.400    1.800       0.000000
  -0.600    2.400    2.400       0.000000
  -0.000   -1.800   -1.800       0.000000
  -0.000   -1.800   -1.200       0.000000
  -0.000   -1.800   -0.600       0.000000
  -0.000   -1.800   -0.000       0.000000
  -0.000   -1.800    0.600       0.000000
  -0.000   -1.800    1.200       0.000000
  -0.000   -1.800    1.800       0.000000
  -0.000   -1.800    2.400       0.000000
  -0.000   -1.200   -1.800       0.000000
  -0.000   -1.200   -1.200       0.000000
  -0.000   -1.200   -0.600       0.000000
  -0.000   -1.200   -0.000       0.000000
  -0.000   -1.200    0.600       0.000000
  -0.000   -1.200    1.200       0.000000
  -0.000   -1.200    1.800       0.000000
  -0.000   -1.200    2.400       0.000000
  -0.000   -0.600   -1.800       0.000000
  -0.000   -0.600   -1.200       0.000000
  -0.000   -0.600   -0.600       0.000000
  -0.000   -0.600   -0.000       0.000000
  -0.000   -0.600    0.600       0.000000
  -0.000   -0.600    1.200       0.105064
  -0.000   -0.600    1.800       0.093170
  -0.000   -0.600    2.400       0.000000
  -0.000   -0.000   -1.800       0.000000
  -0.000   -0.000   -1.200       0.000000
  -0.000   -0.000   -0.600       0.000000
  -0.000   -0.000   -0.000       0.000000
  -0.000   -0.000    0.600       0.000000
  -0.000   -0.000    1.200       0.096336
  -0.000   -0.000    1.800       0.085430
  -0.000   -0.000    2.400       0.000000
  -0.000    0.600   -1.800       0.000000
  -0.000    0.600   -1.200       0.000000
  -0.000    0.600   -0.600       0.000000
  -0.000    0.600   -0.000       0.000000
  -0.000    0.600    0.600       0.089934
  -0.000    0.600    1.200       0.027371
  -0.000    0.600    1.800       0.000000
  -0.000    0.600    2.400       0.000000
  -0.000    1.200   -1.800       0.000000
  -0.000    1.200   -1.200       0.000000
  -0.000    1.200   -0.600       0.000000
  -0.000    1.200   -0.000       0.000000
  -0.000    1.200    0.600       0.014844
  -0.000    1.200    1.200       0.004518
  -0.000    1.200    1.800       0.000000
  -0.000    1.200    2.400       0.000000
  -0.000    1.800   -1.800       0.000000
  -0.000    1.800   -1.200       0.000000
  -0.000    1.800   -0.600       0.000000
  -0.000    1.800   -0.000       0.000000
  -0.000    1.800    0.600       0.000000
  -0.000    1.800    1.200       0.000000
  -0.000    1.800    1.800       0.000000
  -0.000    1.800    2.400       0.000000
  -0.000    2.400   -1.800       0.000000
  -0.000    2.400   -1.200       0.000000
  -0.000    2.400   -0.600       0.000000
  -0.000    2.400   -0.000       0.000000
  -0.000    2.400    0.600       0.000000
  -0.000    2.400    1.200       0.000000
  -0.000    2.400    1.800       0.000000
  -0.000    2.400    2.400       0.000000
   0.600   -1.800   -1.800       0.000000
   0.600   -1.800   -1.200       0.000000
   0.600   -1.800   -0.600       0.000000
   0.600   -1.800   -0.000       0.000000
   0.600   -1.800    0.600       0.000000
   0.600   -1.800    1.200       0.000000
   0.600   -1.800    1.800       0.000000
   0.600   -1.800    2.400       0.000000
   0.600   -1.200   -1.800       0.000000
   0.600   -1.200   -1.200       0.000000
   0.600   -1.200   -0.600       0.000000
   0.600   -1.200   -0.000       0.000000
   0.600   -1.200    0.600       0.000000
   0.600   -1.200    1.200       0.000000
   0.600   -1.200    1.800       0.000000
   0.600   -1.200    2.400       0.000000
   0.600   -0.600   -1.800       0.000000
   0.600   -0.600   -1.200       0.000000
   0.600   -0.600   -0.600       0.000000
   0.600   -0.600   -0.000       0.000000
   0.600   -0.600    0.600       0.000000
   0.600   -0.600    1.200       0.000000
   0.600   -0.600    1.800       0.000000
   0.600   -0.600    2.400       0.000000
   0.600   -0.000   -1.800       0.000000
   0.600   -0.000   -1.200       0.035303
   0.600   -0.000   -0.600       0.435405
   0.600   -0.000   -0.000       0.000000
   0.600   -0.000    0.600       0.000000
   0.600   -0.000    1.200       0.000000
   0.600   -0.000    1.800       0.000000
   0.600   -0.000    2.400       0.000000
   0.600    0.600   -1.800       0.000000
   0.600    0.600   -1.200       0.014072
   0.600    0.600   -0.600       0.173553
   0.600    0.600   -0.000       0.000000
   0.600    0.600    0.600       0.568121
   0.600    0.600    1.200       0.172906
   0.600    0.600    1.800       0.000000
   0.600    0.600    2.400       0.000000
   0.600    1.200   -1.800       0.000000
   0.600    1.200   -1.200       0.000000
   0.600    1.200   -0.600       0.000000
   0.600    1.200   -0.000       0.000000
   0.600    1.200    0.600       0.093768
   0.600    1.200    1.200       0.028538
   0.600    1.200    1.800       0.000000
   0.600    1.200    2.400       0.000000
   0.600    1.800   -1.800       0.000000
   0.600    1.800   -1.200       0.000000
   0.600    1.800   -0.600       0.000000
   0.600    1.800   -0.000       0.000000
   0.600    1.800    0.600       0.000000
   0.600    1.800    1.200       0.000000
   0.600    1.800    1.800       0.000000
   0.600    1.800    2.400       0.000000
   0.600    2.400   -1.800       0.000000
   0.600    2.400   -1.200       0.000000
   0.600    2.400   -0.600       0.000000
   0.600    2.400   -0.000       0.000000
   0.600    2.400    0.600       0.000000
   0.600    2.400    1.200       0.000000
   0.600    2.400    1.800       0.000000
   0.600    2.400    2.400       0.000000
   1.200   -1.800   -1.800       0.000000
   1.200   -1.800   -1.200       0.000000
   1.200   -1.800   -0.600       0.000000
   1.200   -1.800   -0.000       0.000000
   1.200   -1.800    0.600       0.000000
   1.200   -1.800    1.200       0.000000
   1.200   -1.800    1.800       0.000000
   1.200   -1.800    2.400       0.000000
   1.200   -1.200   -1.800       0.000000
   1.200   -1.200   -1.200       0.000000
   1.200   -1.200   -0.600       0.000000
   1.200   -1.200   -0.000       0.000000
   1.200   -1.200    0.600       0.000000
   1.200   -1.200    1.200       0.000000
   1.200   -1.200    1.800       0.000000
   1.200   -1.200    2.400       0.000000
   1.200   -0.600   -1.800       0.000000
   1.200   -0.600   -1.200       0.000000
   1.200   -0.600   -0.600       0.000000
   1.200   -0.600   -0.000       0.000000
   1.200   -0.600    0.600       0.000000
   1.200   -0.600    1.200       0.000000
   1.200   -0.600    1.800       0.000000
   1.200   -0.600    2.400       0.000000
   1.200   -0.000   -1.800       0.000000
   1.200   -0.000   -1.200       0.018322
   1.200   -0.000   -0.600       0.225970
   1.200   -0.000   -0.000       0.000000
   1.200   -0.000    0.600       0.000000
   1.200   -0.000    1.200       0.000000
   1.200   -0.000    1.800       0.000000
   1.200   -0.000    2.400       0.000000
   1.200    0.600   -1.800       0.000000
   1.200    0.600   -1.200       0.007303
   1.200    0.600   -0.600       0.090072
   1.200    0.600   -0.000       0.000000
   1.200    0.600    0.600       0.000000
   1.200    0.600    1.200       0.000000
   1.200    0.600    1.800       0.000000
   1.200    0.600    2.400       0.000000
   1.200    1.200   -1.800       0.000000
   1.200    1.200   -1.200       0.000000
   1.200    1.200   -0.600       0.000000
   1.200    1.200   -0.000       0.000000
   1.200    1.200    0.600       0.000000
   1.200    1.200    1.200       0.000000
   1.200    1.200    1.800       0.000000
   1.200    1.200    2.400       0.000000
   1.200    1.800   -1.800       0.000000
   1.200    1.800   -1.200       0.000000
   1.200    1.800   -0.600       0.000000
   1.200    1.800   -0.000       0.000000
   1.200    1.800    0.600       0.000000
   1.200    1.800    1.200       0.000000
   1.200    1.800    1.800       0.000000
   1.200    1.800    2.400       0.000000
   1.200    2.400   -1.800       0.000000
   1.200    2.400   -1.200       0.000000
   1.200    2.400   -0.600       0.000000
   1.200    2.400   -0.000       0.000000
   1.200    2.400    0.600       0.000000
   1.200    2.400    1.200       0.000000
   1.200    2.400    1.800       0.000000
   1.200    2.400    2.400       0.000000
   1.800   -1.800   -1.800       0.000000
   1.800   -1.800   -1.200       0.000000
   1.800   -1.800   -0.600       0.000000
   1.800   -1.800   -0.000       0.000000
   1.800   -1.800    0.600       0.000000
   1.800   -1.800    1.200       0.000000
   1.800   -1.800    1.800       0.000000
   1.800   -1.800    2.400       0.000000
   1.800   -1.200   -1.800       0.000000
   1.800   -1.200   -1.200       0.000000
   1.800   -1.200   -0.600       0.000000
   1.800   -1.200   -0.000       0.000000
   1.800   -1.200    0.600       0.000000
   1.800   -1.200    1.200       0.000000
   1.800   -1.200    1.800       0.000000
   1.800   -1.200    2.400       0.000000
   1.800   -0.600   -1.800       0.000000
   1.800   -0.600   -1.200       0.000000
   1.800   -0.600   -0.600       0.000000
   1.800   -0.600   -0.000       0.000000
   1.800   -0.600    0.600       0.000000
   1.800   -0.600    1.200       0.000000
   1.800   -0.600    1.800       0.000000
   1.800   -0.600    2.400       0.000000
   1.800   -0.000   -1.800       0.000000
   1.800   -0.000   -1.200       0.000000
   1.800   -0.000   -0.600       0.000000
   1.800   -0.000   -0.000       0.000000
   1.800   -0.000    0.600       0.000000
   1.800   -0.000    1.200       0.000000
   1.800   -0.000    1.800       0.000000
   1.800   -0.000    2.400       0.000000
   1.800    0.600   -1.800       0.000000
   1.800    0.600   -1.200       0.000000
   1.800    0.600   -0.600       0.000000
   1.800    0.600   -0.000       0.000000
   1.800    0.600    0.600       0.000000
   1.800    0.600    1.200       0.000000
   1.800    0.600    1.800       0.000000
   1.800    0.600    2.400       0.000000
   1.800    1.200   -1.800       0.000000
   1.800    1.200   -1.200       0.000000
   1.800    1.200   -0.600       0.000000
   1.800    1.200   -0.000       0.000000
   1.800    1.200    0.600       0.000000
   1.800    1.200    1.200       0.000000
   1.800    1.200    1.800       0.000000
   1.800    1.200    2.400       0.000000
   1.800    1.800   -1.800       0.000000
   1.800    1.800   -1.200       0.000000
   1.800    1.800   -0.600       0.000000
   1.800    1.800   -0.000       0.000000
   1.800    1.800    0.600       0.000000
   1.800    1.800    1.200       0.000000
   1.800    1.800    1.800       0.000000
   1.800    1.800    2.400       0.000000
   1.800    2.400   -1.800       0.000000
   1.800    2.400   -1.200       0.000000
   1.800    2.400   -0.600       0.000000
   1.800    2.400   -0.000       0.000000
   1.800    2.400    0.600       0.000000
   1.800    2.400    1.200       0.000000
   1.800    2.400    1.800       0.000000
   1.800    2.400    2.400       0.000000
   2.400   -1.800   -1.800       0.000000
   2.400   -1.800   -1.200       0.000000
   2.400   -1.800   -0.600       0.000000
   2.400   -1.800   -0.000       0.000000
   2.400   -1.800    0.600       0.000000
   2.400   -1.800    1.200       0.000000
   2.400   -1.800    1.800       0.000000
   2.400   -1.800    2.400       0.000000
   2.400   -1.200   -1.800       0.000000
   2.400   -1.200   -1.200       0.000000
   2.400   -1.200   -0.600       0.000000
   2.400   -1.200   -0.000       0.000000
   2.400   -1.200    0.600       0.000000
   2.400   -1.200    1.200       0.000000
   2.400   -1.200    1.800       0.000000
   2.400   -1.200    2.400       0.000000
   2.400   -0.600   -1.800       0.000000
   2.400   -0.600   -1.200       0.000000
   2.400   -0.600   -0.600       0.000000
   2.400   -0.600   -0.000       0.000000
   2.400   -0.600    0.600       0.000000
   2.400   -0.600    1.200       0.000000
   2.400   -0.600    1.800       0.000000
   2.400   -0.600    2.400       0.000000
   2.400   -0.000   -1.800       0.000000
   2.400   -0.000   -1.200       0.000000
   2.400   -0.000   -0.600       0.000000
   2.400   -0.000   -0.000       0.000000
   2.400   -0.000    0.600       0.000000
   2.400   -0.000    1.200       0.000000
   2.400   -0.000    1.800       0.000000
   2.400   -0.000    2.400       0.000000
   2.400    0.600   -1.800       0.000000
   2.400    0.600   -1.200       0.000000
   2.400    0.600   -0.600       0.000000
   2.400    0.600   -0.000       0.000000
   2.400    0.600    0.600       0.000000
   2.400    0.600    1.200       0.000000
   2.400    0.600    1.800       0.000000
   2.400    0.600    2.400       0.000000
   2.400    1.200   -1.800       0.000000
   2.400    1.200   -1.200       0.000000
   2.400    1.200   -0.600       0.000000
   2.400    1.200   -0.000       0.000000
   2.400    1.200    0.600       0.000000
   2.400    1.200    1.200       0.000000
   2.400    1.200    1.800       0.000000
   2.400    1.200    2.400       0.000000
   2.400    1.800   -1.800       0.000000
   2.400    1.800   -1.200       0.000000
   2.400    1.800   -0.600       0.000000
   2.400    1.800   -0.000       0.000000
   2.400    1.800    0.600       0.000000
   2.400    1.800    1.200       0.000000
   2.400    1.800    1.800       0.000000
   2.400    1.800    2.400       0.000000
   2.400    2.400   -1.800       0.000000
   2.400    2.400   -1.200       0.000000
   2.400    2.400   -0.600       0.000000
   2.400    2.400   -0.000       0.000000
   2.400    2.400    0.600       0.000000
   2.400    2.400    1.200       0.000000
   2.400    2.400    1.800       0.000000
   2.400    2.400    2.400       0.000000
