  9.000000
  9.000000
  9.000000
  9.000000
  9.000000
  7.117720
  4.089198
  1.856394
  9.000000
  9.000000
  9.000000
  9.000000
  9.000000
  6.223963
  3.432953
  1.580832
  9.000000
  9.000000
  9.000000
  9.000000
  8.837336
  5.064637
  3.064497
  1.770309
  9.000000
  9.000000
  9.000000
  7.960182
  5.799224
  4.003840
  2.808031
  1.993835
  9.000000
  8.520793
  6.520620
  5.272434
  4.186529
  3.268195
  2.575984
  2.080515
  4.069841
  4.849797
  4.473414
  3.867437
  3.265935
  2.744940
  2.335626
  2.036474
  3.277296
  3.511207
  3.339016
  2.988378
  2.622701
  2.313469
  2.078779
  1.911139
  3.053590
  2.905447
  2.640539
  2.331714
  2.072236
  1.902513
  1.808112
  1.753523
  9.000000
  9.000000
  9.000000
  9.000000
  9.000000
  7.021608
  3.384936
 -1.157470
  9.000000
  9.000000
  9.000000
  9.000000
  9.000000
  6.214985
  3.040769
 -0.567538
  9.000000
  9.000000
  9.000000
  9.000000
  7.856062
  5.346342
  3.101445
  0.925072
  9.000000
  9.000000
  9.000000
  7.686206
  6.074104
  4.505932
  3.107788
  1.887425
  9.000000
  8.087342
  6.817784
  5.753392
  4.746958
  3.799578
  2.960320
  2.262287
  5.713557
  5.583904
  5.058998
  4.432209
  3.806262
  3.225053
  2.718123
  2.305743
  4.471828
  4.262624
  3.918447
  3.505798
  3.100358
  2.740784
  2.439996
  2.200091
  3.886651
  3.502521
  3.129749
  2.786445
  2.509193
  2.306859
  2.161768
  2.050094
  9.000000
  9.000000
  9.000000
  9.000000
  9.000000
  7.213373
  2.501758
 -8.709314
  9.000000
  9.000000
  9.000000
  9.000000
  9.000000
  6.344155
  2.451048
 -5.014820
  9.000000
  9.000000
  9.000000
  9.000000
  7.695803
  5.586243
  3.070706
 -0.291942
  9.000000
  9.000000
  8.785835
  7.604791
  6.285031
  4.877594
  3.382483
  1.819950
  8.295651
  7.696534
  6.900962
  6.034322
  5.129421
  4.215504
  3.321091
  2.497595
  6.477578
  6.012749
  5.453614
  4.840303
  4.220855
  3.624798
  3.073788
  2.596058
  5.366832
  4.872280
  4.400375
  3.935864
  3.502076
  3.112538
  2.771572
  2.484847
  4.692251
  4.081453
  3.593978
  3.203951
  2.902452
  2.669226
  2.481338
  2.323617
  9.000000
  9.000000
  9.000000
  9.000000
  9.000000
  8.516549
  4.237098
 -9.000000
  9.000000
  9.000000
  9.000000
  9.000000
  9.000000
  7.353346
  3.555876
 -7.052345
  9.000000
  9.000000
  9.000000
  9.000000
  8.170448
  6.322216
  3.911461
 -0.017738
  9.000000
  9.000000
  8.861376
  7.851456
  6.687615
  5.437799
  4.025589
  2.378363
  8.296197
  7.784689
  7.122512
  6.338935
  5.506144
  4.661087
  3.804476
  2.962774
  6.946679
  6.405027
  5.811396
  5.186045
  4.573881
  3.992971
  3.447431
  2.954786
  6.002481
  5.385059
  4.819416
  4.298546
  3.838024
  3.434705
  3.079270
  2.771900
  5.431563
  4.664498
  4.058800
  3.592494
  3.245224
  2.977587
  2.756812
  2.567674
  9.000000
  9.000000
  9.000000
  9.000000
  9.000000
  9.000000
  9.000000
  9.000000
  9.000000
  9.000000
  9.000000
  9.000000
  9.000000
  9.000000
  7.867672
  3.158546
  9.000000
  9.000000
  9.000000
  9.000000
  8.986757
  7.630031
  6.189266
  3.657875
  9.000000
  9.000000
  9.000000
  8.278009
  7.224409
  6.233198
  5.204564
  3.932952
  8.727409
  8.293075
  7.535656
  6.685496
  5.886173
  5.155828
  4.447898
  3.721441
  7.485844
  6.955483
  6.211802
  5.484916
  4.863656
  4.326861
  3.837637
  3.381721
  6.503715
  5.864531
  5.175145
  4.569546
  4.086111
  3.691738
  3.351284
  3.050419
  6.107880
  5.252699
  4.492393
  3.913688
  3.508406
  3.213015
  2.976111
  2.773856
  9.000000
  9.000000
  9.000000
  9.000000
  9.000000
  9.000000
  9.000000
  9.000000
  9.000000
  9.000000
  9.000000
  9.000000
  9.000000
  9.000000
  9.000000
  9.000000
  9.000000
  9.000000
  9.000000
  9.000000
  9.000000
  9.000000
  9.000000
  9.000000
  9.000000
  9.000000
  9.000000
  8.666589
  7.689352
  7.053836
  6.641278
  6.036479
  9.000000
  9.000000
  8.245087
  6.990786
  6.165426
  5.590416
  5.114538
  4.593487
  9.000000
  8.278533
  6.735328
  5.657646
  5.015605
  4.563846
  4.177165
  3.798203
  7.049087
  6.308969
  5.321005
  4.620206
  4.173310
  3.840538
  3.552755
  3.285383
  6.666482
  5.651192
  4.685173
  4.032104
  3.625813
  3.345361
  3.122595
  2.929416
  9.000000
  9.000000
  9.000000
  9.000000
  9.000000
  9.000000
  9.000000
  9.000000
  9.000000
  9.000000
  9.000000
  9.000000
  9.000000
  9.000000
  9.000000
  9.000000
  9.000000
  9.000000
  9.000000
  9.000000
  9.000000
  9.000000
  9.000000
  9.000000
  9.000000
  9.000000
  9.000000
  8.717125
  7.800403
  7.526444
  7.737144
  7.785035
  9.000000
  9.000000
  9.000000
  7.054484
  6.182053
  5.787791
  5.552135
  5.238371
  9.000000
  9.000000
  7.292690
  5.438226
  4.905092
  4.616605
  4.364513
  4.080759
  7.331526
  5.916080
  4.477469
  4.115347
  3.988767
  3.831461
  3.641785
  3.432264
  6.063444
  4.732378
  3.963167
  3.683621
  3.513899
  3.346484
  3.181346
  3.022087
  9.000000
  9.000000
  9.000000
  9.000000
  9.000000
  9.000000
  9.000000
  9.000000
  9.000000
  9.000000
  9.000000
  9.000000
  9.000000
  9.000000
  9.000000
  9.000000
  9.000000
  9.000000
  9.000000
  9.000000
  9.000000
  9.000000
  9.000000
  9.000000
  9.000000
  9.000000
  9.000000
  8.162642
  7.376994
  7.316883
  7.791719
  8.098306
  9.000000
  9.000000
  9.000000
  6.523808
  5.849293
  5.630815
  5.547438
  5.361176
  9.000000
  9.000000
  5.232355
  4.320594
  4.478714
  4.449706
  4.332423
  4.139941
 -2.201738
 -5.123266
 -0.413443
  2.585936
  3.495762
  3.655571
  3.598028
  3.465219
  0.104978
 -1.191465
  1.056615
  2.662064
  3.163753
  3.218391
  3.150159
  3.050225
  9.000000
  9.000000
  9.000000
  9.000000
  9.000000
  9.000000
  9.000000
  9.000000
  9.000000
  9.000000
  9.000000
  9.000000
  9.000000
  9.000000
  9.000000
  9.000000
  9.000000
  9.000000
  9.000000
  9.000000
  9.000000
  9.000000
  9.000000
  9.000000
  9.000000
  9.000000
  9.000000
  9.000000
  9.000000
  9.000000
  9.000000
  9.000000
  9.000000
  9.000000
  9.000000
  9.000000
  9.000000
  9.000000
  9.000000
  9.000000
  9.000000
  9.000000
  9.000000
  0.157969
 -3.027798
 -0.555617
  9.000000
  9.000000
  9.000000
  9.000000
  6.579713
 -3.386334
 -4.617624
 -3.857136
  1.336876
  9.000000
  9.000000
  9.000000
  9.000000
  3.127561
 -0.986295
 -2.875418
 -1.944109
  9.000000
  9.000000
  9.000000
  9.000000
  9.000000
  9.000000
  9.000000
  9.000000
  9.000000
  9.000000
  9.000000
  9.000000
  9.000000
  9.000000
  9.000000
  9.000000
  9.000000
  9.000000
  9.000000
  9.000000
  9.000000
  9.000000
  9.000000
  9.000000
  9.000000
  9.000000
  9.000000
  9.000000
  9.000000
  6.443671
  9.000000
  9.000000
  9.000000
  9.000000
  9.000000
  9.000000
 -0.525463
 -2.887303
 -1.110315
  9.000000
  9.000000
  9.000000
  9.000000
  8.153716
 -3.713182
 -4.882667
 -4.259204
 -0.976388
  8.910664
  9.000000
  9.000000
 -0.647083
 -4.381013
 -4.999765
 -4.945596
 -3.776491
  2.428573
  9.000000
  9.000000
  6.324886
  2.025904
 -1.397136
 -3.196645
 -3.110264
  7.408140
  9.000000
  9.000000
  9.000000
  9.000000
  9.000000
  9.000000
  9.000000
  9.000000
  9.000000
  9.000000
  9.000000
  9.000000
  9.000000
  9.000000
  9.000000
  9.000000
  9.000000
  9.000000
  5.055562
  0.979288
  8.598139
  9.000000
  9.000000
  9.000000
  9.000000
  9.000000
  2.145091
 -3.579496
 -2.035965
  9.000000
  9.000000
  9.000000
  9.000000
  9.000000
  0.511856
 -4.771728
 -4.881994
 -2.634960
  5.856224
  9.000000
  9.000000
  9.000000
 -2.253496
 -5.147168
 -5.379755
 -5.047803
 -3.939765
 -1.131133
  9.000000
  3.415495
 -3.250618
 -4.811605
 -5.209778
 -5.294212
 -4.981015
 -2.157814
  9.000000
  9.000000
  4.922502
  0.631274
 -2.251235
 -3.762754
 -3.955595
  2.713212
  9.000000
  9.000000
  9.000000
  9.000000
  9.000000
  9.000000
  9.000000
  9.000000
  9.000000
  9.000000
  9.000000
  9.000000
  9.000000
  9.000000
  9.000000
  9.000000
  9.000000
  9.000000
  2.484446
  1.163987
  9.000000
  9.000000
  9.000000
  9.000000
  9.000000
  9.000000
 -3.633305
 -4.546038
  0.866802
  9.000000
  9.000000
  9.000000
  9.000000
  8.000900
 -3.897720
 -5.330370
 -4.464307
 -0.176386
  9.000000
  9.000000
  9.000000
  4.308833
 -3.131816
 -4.951066
 -5.301679
 -4.872012
 -3.603385
 -1.310356
  9.000000
  9.000000
  1.481611
 -3.275966
 -4.986081
 -5.398489
 -5.303858
 -4.058107
  9.000000
  9.000000
  9.000000
  4.196971
 -2.308165
 -4.332690
 -4.707579
 -1.616352
  9.000000
  9.000000
  9.000000
  9.000000
  9.000000
  9.000000
  9.000000
  9.000000
  9.000000
  9.000000
  9.000000
  9.000000
  9.000000
  9.000000
  9.000000
  9.000000
  9.000000
  9.000000
  9.000000
  9.000000
  9.000000
  9.000000
  9.000000
  9.000000
  9.000000
  4.245172
 -2.141323
 -1.964405
  9.000000
  9.000000
  9.000000
  9.000000
  9.000000
  9.000000
  1.461881
 -2.771743
 -2.072090
  7.000920
  9.000000
  9.000000
  9.000000
  9.000000
  9.000000
  0.400878
 -3.809675
 -3.815493
 -1.598600
  1.294968
  9.000000
  9.000000
  9.000000
  8.301155
 -2.533340
 -5.038092
 -5.208702
 -4.542260
  9.000000
  9.000000
  9.000000
  9.000000
  2.130173
 -4.130402
 -4.787238
 -2.787790
  9.000000
  9.000000
  9.000000
  9.000000
  9.000000
  9.000000
  9.000000
  9.000000
  9.000000
  9.000000
  9.000000
  9.000000
  9.000000
  9.000000
  9.000000
  9.000000
  9.000000
  9.000000
  9.000000
  9.000000
  9.000000
  9.000000
  9.000000
  9.000000
  9.000000
  9.000000
  9.000000
  8.273241
  9.000000
  9.000000
  9.000000
  9.000000
  9.000000
  9.000000
  9.000000
  9.000000
  6.405207
  9.000000
  9.000000
  9.000000
  9.000000
  9.000000
  9.000000
  9.000000
  5.379439
 -0.429364
  3.583054
  8.904124
  9.000000
  9.000000
  9.000000
  9.000000
  9.000000
 -2.753486
 -4.268233
 -3.167350
  9.000000
  9.000000
  9.000000
  9.000000
  9.000000
 -1.068252
 -2.845178
  2.396088
  9.000000
  9.000000
  9.000000
  9.000000
  9.000000
  9.000000
  9.000000
  9.000000
  9.000000
  9.000000
  9.000000
  9.000000
  9.000000
  9.000000
  9.000000
  9.000000
  9.000000
  9.000000
  9.000000
  9.000000
  9.000000
  9.000000
  9.000000
  9.000000
  9.000000
  9.000000
  9.000000
  9.000000
  9.000000
  9.000000
  9.000000
  9.000000
  9.000000
  9.000000
  9.000000
  9.000000
  9.000000
  9.000000
  9.000000
  9.000000
  9.000000
  9.000000
  9.000000
  9.000000
  9.000000
  9.000000
  9.000000
  9.000000
  9.000000
  9.000000
  9.000000
  9.000000
  9.000000
  6.749560
 -0.785634
  3.611272
  9.000000
  9.000000
  9.000000
  9.000000
  9.000000
  9.000000
  5.078298
  9.000000
  9.000000
  9.000000
  9.000000
  9.000000
  9.000000
  9.000000
  9.000000
  9.000000
  9.000000
  9.000000
  9.000000
  9.000000
  9.000000
  9.000000
  9.000000
  9.000000
  9.000000
  9.000000
  9.000000
  9.000000
  9.000000
  9.000000
  9.000000
  9.000000
  9.000000
  9.000000
  9.000000
  9.000000
  9.000000
  9.000000
  9.000000
  9.000000
  9.000000
  9.000000
  9.000000
  9.000000
  9.000000
  9.000000
  9.000000
  9.000000
  9.000000
  9.000000
  9.000000
  9.000000
  9.000000
  9.000000
  9.000000
  9.000000
  9.000000
  9.000000
  9.000000
  9.000000
  9.000000
  9.000000
  9.000000
  9.000000
  9.000000
  9.000000
  9.000000
  9.000000
  9.000000
  9.000000
  9.000000
  9.000000
  9.000000
  9.000000
  9.000000
  9.000000
  9.000000
  9.000000
  9.000000
  9.000000
  9.000000
  9.000000
  9.000000
  9.000000
  9.000000
  9.000000
  9.000000
  9.000000
  9.000000
  9.000000
  9.000000
  9.000000
  9.000000
  9.000000
  9.000000
  9.000000
  9.000000
  9.000000
  9.000000
  9.000000
  9.000000
  9.000000
  9.000000
  9.000000
  9.000000
  9.000000
  9.000000
  1.564944
 -0.735895
  0.084870
  9.000000
  9.000000
  9.000000
  9.000000
  7.502164
 -2.799294
 -3.456579
 -2.834328
  1.824023
  9.000000
  9.000000
  9.000000
 -1.265812
 -3.571320
 -3.725286
 -3.564530
 -2.347546
  3.475431
  9.000000
  1.539718
 -0.684785
 -2.117029
 -3.134066
 -3.617147
 -3.499117
 -0.112664
  9.000000
  9.000000
  9.000000
  9.000000
  9.000000
  9.000000
  9.000000
  9.000000
  9.000000
  9.000000
  9.000000
  9.000000
  9.000000
  9.000000
  9.000000
  9.000000
  9.000000
  9.000000
  9.000000
  8.748241
  5.494640
  7.428232
  9.000000
  9.000000
  9.000000
  9.000000
  5.918384
 -0.818268
 -1.893325
 -0.984051
  9.000000
  9.000000
  9.000000
  9.000000
  3.224693
 -3.119361
 -3.597455
 -3.261065
 -0.406394
  9.000000
  9.000000
  9.000000
 -0.829702
 -3.589749
 -3.716997
 -3.629219
 -3.025581
 -0.682908
  9.000000
  2.326632
 -3.207246
 -3.783683
 -3.747061
 -3.735329
 -3.631800
 -2.312071
  1.193220
 -1.033915
 -1.627844
 -2.525290
 -3.264082
 -3.655891
 -3.724695
 -0.999892
  9.000000
  9.000000
  9.000000
  9.000000
  9.000000
  9.000000
  9.000000
  9.000000
  9.000000
  9.000000
  6.875122
  0.386819
  4.891300
  9.000000
  9.000000
  9.000000
  9.000000
  5.844991
 -2.848666
 -3.739099
 -1.848236
  9.000000
  9.000000
  9.000000
  9.000000
  9.000000
 -2.941909
 -4.164422
 -3.810713
 -0.451429
  9.000000
  9.000000
  9.000000
  7.855710
 -2.988301
 -3.992522
 -3.939505
 -3.572605
 -1.804007
  3.327475
  9.000000
  1.084580
 -3.586441
 -3.901451
 -3.783592
 -3.758040
 -3.744236
 -3.459902
  5.079209
 -2.861129
 -3.990885
 -3.956421
 -3.815135
 -3.782989
 -3.850579
 -3.436427
 -0.353405
 -1.550176
 -2.291427
 -3.067262
 -3.539555
 -3.774206
 -3.863172
 -2.238221
  9.000000
  9.000000
  9.000000
  9.000000
  9.000000
  9.000000
  9.000000
  9.000000
  9.000000
  9.000000
  9.000000
  4.671199
  9.000000
  9.000000
  9.000000
  9.000000
  9.000000
 -0.083765
 -3.384150
 -3.619101
  2.451267
  9.000000
  9.000000
  9.000000
  9.000000
 -0.825582
 -4.386366
 -4.393130
 -3.039772
  4.791376
  9.000000
  9.000000
  9.000000
 -1.500025
 -4.198142
 -4.208637
 -3.914206
 -2.985498
  0.193488
  7.943634
  9.000000
 -2.691876
 -4.016046
 -4.030249
 -3.898510
 -3.793329
 -3.679492
 -3.473194
  4.185037
 -0.984208
 -2.985695
 -3.797346
 -3.920298
 -3.887020
 -3.935680
 -3.890612
  9.000000
  9.000000
  2.774453
 -2.290458
 -3.686079
 -3.964692
 -4.034031
 -3.407806
  9.000000
  9.000000
  9.000000
  9.000000
  9.000000
  9.000000
  9.000000
  9.000000
  9.000000
  9.000000
  9.000000
  9.000000
  9.000000
  9.000000
  9.000000
  9.000000
  9.000000
 -0.404569
 -1.484090
 -0.982733
  9.000000
  9.000000
  9.000000
  9.000000
  9.000000
 -2.983178
 -4.290990
 -4.011839
 -0.399380
  9.000000
  9.000000
  9.000000
  9.000000
 -1.281236
 -3.179823
 -3.926406
 -3.579557
 -1.120198
  5.579450
  9.000000
  9.000000
  3.689240
 -0.449129
 -3.092768
 -3.877255
 -3.756606
 -3.262557
 -2.771342
  9.000000
  9.000000
  7.724132
 -1.110923
 -3.650790
 -4.037464
 -4.047235
 -4.072999
  9.000000
  9.000000
  9.000000
  6.295203
 -2.751530
 -4.100522
 -4.150106
 -3.766517
  9.000000
  9.000000
  9.000000
  9.000000
  9.000000
  9.000000
  9.000000
  9.000000
  9.000000
  9.000000
  9.000000
  9.000000
  9.000000
  9.000000
  9.000000
  9.000000
  9.000000
  4.616736
  5.263341
  6.123816
  9.000000
  9.000000
  9.000000
  9.000000
  8.886183
  4.290715
  0.164034
 -1.780945
  7.265291
  9.000000
  9.000000
  9.000000
  9.000000
  9.000000
  9.000000
  1.109789
 -1.755217
  4.588051
  9.000000
  9.000000
  9.000000
  9.000000
  9.000000
  8.907771
 -2.018458
 -3.251710
 -2.009528
 -0.629917
  9.000000
  9.000000
  9.000000
  9.000000
 -0.511664
 -3.889360
 -4.101988
 -3.896586
  9.000000
  9.000000
  9.000000
  9.000000
  3.026369
 -3.683352
 -3.905079
 -2.468910
  9.000000
  9.000000
  9.000000
  9.000000
  9.000000
  9.000000
  9.000000
  9.000000
  9.000000
  9.000000
  9.000000
  9.000000
  9.000000
  9.000000
  9.000000
  9.000000
  9.000000
  9.000000
  9.000000
  9.000000
  9.000000
  9.000000
  9.000000
  9.000000
  9.000000
  9.000000
  9.000000
  9.000000
  9.000000
  9.000000
  9.000000
  9.000000
  9.000000
  9.000000
  9.000000
  9.000000
  6.536784
  9.000000
  9.000000
  9.000000
  9.000000
  9.000000
  9.000000
  9.000000
  9.000000
 -1.175576
  0.149960
  3.159150
  9.000000
  9.000000
  9.000000
  9.000000
  9.000000
 -1.962013
 -3.642450
 -2.329248
  9.000000
  9.000000
  9.000000
  9.000000
  9.000000
 -1.017898
 -2.175516
  4.316902
  9.000000
  9.000000
  9.000000
  9.000000
  9.000000
  9.000000
  9.000000
  9.000000
  9.000000
  9.000000
  9.000000
  9.000000
  9.000000
  9.000000
  9.000000
  9.000000
  9.000000
  9.000000
  9.000000
  9.000000
  9.000000
  9.000000
  9.000000
  9.000000
  9.000000
  9.000000
  9.000000
  9.000000
  9.000000
  9.000000
  9.000000
  9.000000
  9.000000
  9.000000
  9.000000
  9.000000
  9.000000
  9.000000
  9.000000
  9.000000
  9.000000
  9.000000
  9.000000
  9.000000
  9.000000
  7.050456
  2.091386
  6.687294
  9.000000
  9.000000
  9.000000
  9.000000
  9.000000
  7.080614
 -0.326937
  9.000000
  9.000000
  9.000000
  9.000000
  9.000000
  9.000000
  9.000000
  6.868088
  9.000000
  0.000000
  0.000000
  0.000000
  0.000000
  0.000000
  0.000000
  0.000000
  0.000000
  0.000000
  0.000000
  0.000000
  0.000000
  0.000000
  0.000000
  0.000000
  0.000000
  0.000000
  0.000000
  0.000000
  0.000000
  0.000000
  0.000000
  0.000000
  0.000000
  0.000000
  0.000000
  0.000000
  0.000000
  0.000000
  0.000000
  0.000000
  0.000000
  0.000000
  0.000000
  0.000000
  0.000000
  0.000000
  0.000000
  0.000000
  0.000000
  0.000000
  0.000000
  0.000000
  0.000000
  0.000000
  0.000000
  0.000000
  0.000000
  0.000000
  0.000000
  0.000000
  0.000000
  0.000000
  0.000000
  0.000000
  0.000000
  0.000000
  0.000000
  0.000000
  0.000000
  0.000000
  0.000000
  0.000000
  0.000000
  0.000000
  0.000000
  0.000000
  0.000000
  0.000000
  0.000000
  0.000000
  0.000000
  0.000000
  0.000000
  0.000000
  0.000000
  0.000000
  0.000000
  0.000000
  0.000000
  0.000000
  0.000000
  0.000000
  0.000000
  0.000000
  0.000000
  0.000000
  0.000000
  0.000000
  0.000000
  0.000000
  0.000000
  0.000000
  0.000000
  0.000000
  0.000000
  0.000000
  0.000000
  0.000000
  0.000000
  0.000000
  0.000000
  0.000000
  0.000000
  0.000000
  0.000000
  0.000000
  0.000000
  0.000000
  0.000000
  0.000000
  0.000000
  0.000000
  0.000000
  0.000000
  0.000000
  0.000000
  0.000000
  0.000000
  0.000000
  0.000000
  0.000000
  0.000000
  0.000000
  0.000000
  0.000000
  0.000000
  0.000000
  0.000000
  0.000000
  0.000000
  0.000000
  0.000000
  0.000000
  0.000000
  0.000000
  0.000000
  0.000000
  0.000000
  0.000000
  0.000000
  0.000000
  0.000000
  0.000000
  0.000000
  0.000000
  0.000000
  0.000000
  0.000000
  0.000000
  0.000000
  0.000000
  0.000000
  0.000000
  0.000000
  0.000000
  0.000000
  0.000000
  0.000000
  0.000000
  0.000000
  0.000000
  0.000000
  0.000000
  0.000000
  0.000000
  0.000000
  0.000000
  0.000000
  0.000000
  0.000000
  0.000000
  0.000000
  0.000000
  0.000000
  0.000000
  0.000000
  0.000000
  0.000000
  0.000000
  0.000000
  0.000000
  0.000000
  0.000000
  0.000000
  0.000000
  0.000000
  0.000000
  0.000000
  0.000000
  0.000000
  0.000000
  0.000000
  0.000000
  0.000000
  0.000000
  0.000000
  0.000000
  0.000000
  0.000000
  0.000000
  0.000000
  0.000000
  0.000000
  0.000000
  0.000000
  0.000000
  0.000000
  0.000000
  0.000000
  0.000000
  0.000000
  0.000000
  0.000000
  0.000000
  0.000000
  0.000000
  0.000000
  0.000000
  0.000000
  0.000000
  0.000000
  0.000000
  0.000000
  0.000000
  0.000000
  0.000000
  0.000000
  0.000000
  0.000000
  0.000000
  0.000000
  0.000000
  0.000000
  0.000000
  0.000000
  0.000000
  0.000000
  0.000000
  0.000000
  0.000000
  0.000000
  0.000000
  0.000000
  0.000000
  0.000000
  0.000000
  0.000000
  0.000000
  0.000000
  0.000000
  0.000000
  0.000000
  0.000000
  0.000000
  0.000000
  0.000000
  0.000000
  0.000000
  0.000000
  0.000000
  0.000000
  0.000000
  0.000000
  0.000000
  0.000000
  0.000000
  0.000000
  0.000000
  0.000000
  0.000000
  0.000000
  0.000000
  0.000000
  0.000000
  0.000000
  0.000000
  0.000000
  0.000000
  0.000000
  0.000000
  0.000000
  0.000000
  0.000000
  0.000000
  0.000000
  0.000000
  0.000000
  0.000000
  0.000000
  0.000000
  0.000000
  0.000000
  0.000000
  0.000000
  0.000000
  0.000000
  0.000000
  0.000000
  0.000000
  0.000000
  0.000000
  0.000000
  0.000000
  0.000000
  0.000000
  0.000000
  0.000000
  0.000000
  0.000000
  0.000000
  0.000000
  0.000000
  0.000000
  0.000000
  0.000000
  0.000000
  0.000000
  0.000000
  0.000000
  0.000000
  0.000000
  0.000000
  0.000000
  0.000000
  0.000000
  0.000000
  0.000000
  0.000000
  0.000000
  0.000000
  0.000000
  0.000000
  0.000000
  0.000000
  0.000000
  0.000000
  0.000000
  0.000000
  0.000000
  0.000000
  0.000000
  0.000000
  0.000000
  0.000000
  0.000000
  0.000000
  0.000000
  0.000000
  0.000000
  0.000000
  0.000000
  0.000000
  0.000000
  0.000000
  0.000000
  0.000000
  0.000000
  0.000000
  0.000000
  0.000000
  0.000000
  0.000000
  0.000000
  0.000000
  0.000000
  0.000000
  0.000000
  0.000000
  0.000000
  0.000000
  0.000000
  0.000000
  0.000000
  0.000000
  0.000000
  0.000000
  0.000000
  0.000000
  0.000000
  0.000000
  0.000000
  0.000000
  0.000000
  0.000000
  0.000000
  0.000000
  0.000000
  0.000000
  0.000000
  0.000000
  0.000000
  0.000000
  0.000000
  0.000000
  0.000000
  0.000000
  0.000000
  0.000000
  0.000000
  0.000000
  0.000000
  0.000000
  0.000000
  0.000000
  0.000000
  0.000000
  0.000000
  0.000000
  0.000000
  0.000000
  0.000000
  0.000000
  0.000000
  0.000000
  0.000000
  0.000000
  0.000000
  0.000000
  0.000000
  0.000000
  0.000000
  0.000000
  0.000000
  0.000000
  0.000000
  0.000000
  0.000000
  0.000000
  0.000000
  0.000000
  0.000000
  0.000000
  0.000000
  0.000000
  0.000000
  0.000000
  0.000000
  0.000000
  0.000000
  0.000000
  0.000000
  0.000000
  0.000000
  0.000000
  0.000000
  0.000000
  0.000000
  0.000000
  0.000000
  0.000000
  0.000000
  0.000000
  0.000000
  0.000000
  0.000000
  0.000000
  0.000000
  0.000000
  0.000000
  0.000000
  0.000000
  0.000000
  0.000000
  0.000000
  0.000000
  0.000000
  0.000000
  0.000000
  0.000000
  0.000000
  0.000000
  0.000000
  0.000000
  0.000000
  0.000000
  0.000000
  0.000000
  0.000000
  0.000000
  0.000000
  0.000000
  0.000000
  0.000000
  0.000000
  0.000000
  0.000000
  0.000000
  0.000000
  0.000000
  0.000000
  0.000000
  0.000000
  0.000000
  0.000000
  0.000000
  0.000000
  0.000000
  0.000000
  0.000000
  0.000000
  0.000000
  0.000000
  0.000000
  0.000000
  0.000000
  0.000000
  0.000000
  0.000000
  0.000000
  0.000000
  0.000000
