#receptor            ligand                                E_sum(atom)   E_sum(map)     max_99      max_9      max_1    max_0.4
8F76_comp_step5_pro 8F76_comp_step5_lig_rot0_tra0               -14.29         7.44   4.355766  -6.136881  -1.032408  -0.384852
8F76_comp_step5_pro 8F76_comp_step5_lig_rot0_tra1                 6.43        44.67  15.710961   4.097944  -0.172782  -0.007290
8F76_comp_step5_pro 8F76_comp_step5_lig_rot1_tra0               137.08       231.39 112.318810  14.887427   1.343927   0.228522
8F76_comp_step5_pro 8F76_comp_step5_lig_rot1_tra1               528.89      1162.47 165.383637  19.959083   1.578194   0.369645
8F76_comp_step5_pro PPI_ideal_rot0_tra0                          30.19        97.99  86.199313  11.043314   0.551367   0.132242
8F76_comp_step5_pro PPI_ideal_rot0_tra1                          87.67       211.13 108.096894  13.684717   0.446081   0.100095
8F76_comp_step5_pro PPI_ideal_rot1_tra0                          64.90       208.13  98.586748   5.799791  -0.296923  -0.065838
8F76_comp_step5_pro PPI_ideal_rot1_tra1                         822.54      2269.99 176.875019  14.100620   0.712063   0.307622
8F76_comp_step5_pro butyrate1_rot0_tra0                       19246.34     26100.61 195.620988  33.123059   3.135305   0.800108
8F76_comp_step5_pro butyrate1_rot0_tra1                       50099.22     91060.34 216.926962  32.010221   3.372377   0.900180
8F76_comp_step5_pro butyrate1_rot1_tra0                         440.93       577.91 106.758533  21.360159   1.114714   0.146621
8F76_comp_step5_pro butyrate1_rot1_tra1                        1705.47      1889.63 138.082622  43.669564   4.406520   1.014438
8F76_comp_step5_pro butyrate2_rot0_tra0                        1650.21      5981.03 307.056681  33.832181   2.708642   1.010632
8F76_comp_step5_pro butyrate2_rot0_tra1                        1979.96      9634.41 368.079007  43.360455   4.368369   1.637367
8F76_comp_step5_pro butyrate2_rot1_tra0                         596.18      1626.34 151.406383  15.157109  -0.424534  -0.367318
8F76_comp_step5_pro butyrate2_rot1_tra1                        1411.22      3597.44 256.144275  19.193791   0.577623   0.149669
8F76_pro_step5      8F76_comp_step5_lig_rot0_tra0             99999.99     99999.99 331.171845  45.323042   5.380460   1.675301
8F76_pro_step5      8F76_comp_step5_lig_rot0_tra1             99999.99     99999.99 295.299078  38.828175   4.684619   1.479864
8F76_pro_step5      8F76_comp_step5_lig_rot1_tra0             42108.06     99999.99 392.624821  45.963260   5.129427   1.599858
8F76_pro_step5      8F76_comp_step5_lig_rot1_tra1             73182.54     99999.99 388.919929  44.164004   4.787837   1.568231
8F76_pro_step5      PPI_ideal_rot0_tra0                       99999.99     99999.99 381.564119  43.731185   5.008722   1.895933
8F76_pro_step5      PPI_ideal_rot0_tra1                       99999.99     99999.99 375.088810  40.631977   3.732721   1.373083
8F76_pro_step5      PPI_ideal_rot1_tra0                       99999.99     99999.99 464.234000  49.506755   5.976940   2.370691
8F76_pro_step5      PPI_ideal_rot1_tra1                       99999.99     99999.99 419.898916  47.547210   5.671602   2.289544
8F76_pro_step5      butyrate1_rot0_tra0                       99999.99     99999.99 390.304535  54.063400   6.169889   1.594499
8F76_pro_step5      butyrate1_rot0_tra1                       99999.99     99999.99 387.295777  50.215400   4.987529   1.246996
8F76_pro_step5      butyrate1_rot1_tra0                       99999.99     99999.99 249.301021  53.752958   5.797665   1.383391
8F76_pro_step5      butyrate1_rot1_tra1                       99999.99     99999.99 333.613947  53.076170   5.239257   1.259979
8F76_pro_step5      butyrate2_rot0_tra0                       99999.99     99999.99 420.653743  44.412120   4.184584   1.433940
8F76_pro_step5      butyrate2_rot0_tra1                       99999.99     99999.99 471.296394  48.882498   5.572194   2.021048
8F76_pro_step5      butyrate2_rot1_tra0                       99999.99     99999.99 467.785824  53.988359   6.361868   2.432570
8F76_pro_step5      butyrate2_rot1_tra1                        3924.63      6135.88 454.013892  52.383396   5.903262   2.264300
