 0.003127344967318
 0.003807468317561
 0.004809370980425
 0.004733678970499
 0.002927703267145
 0.001677662692627
 0.000963833211805
 0.000437556261985
 0.003765436712447
 0.003959664095996
 0.005308801914190
 0.005490606138701
 0.002901677023316
 0.001467002147482
 0.000809154782167
 0.000372605675706
 0.009074998058613
 0.004190737870633
 0.003675764965991
 0.003335601113232
 0.002082980071310
 0.001193746388747
 0.000722308869875
 0.000417265832899
 0.012296287818666
 0.003638646102619
 0.002344584124505
 0.001876232890560
 0.001366890205576
 0.000943714138026
 0.000661859253725
 0.000469951416591
 0.002506914392089
 0.002008370170227
 0.001536924873180
 0.001242724611586
 0.000986774348747
 0.000770320948678
 0.000607165251307
 0.000490382088287
 0.000959270723386
 0.001143108115359
 0.001054393791485
 0.000911563643073
 0.000769788261805
 0.000646988562650
 0.000550512327639
 0.000480001525272
 0.000772466075185
 0.000827599426381
 0.000787013618461
 0.000704367449516
 0.000618176554277
 0.000545289872419
 0.000489972908927
 0.000450459781994
 0.000719738065085
 0.000684820425124
 0.000622381011198
 0.000549590260396
 0.000488430709037
 0.000448426614532
 0.000426176085448
 0.000413309334991
 0.003717603767127
 0.004196154780217
 0.004049960924847
 0.003421730961822
 0.002526531420052
 0.001655008877211
 0.000797837066494
-0.000272818295104
 0.003477405014238
 0.003580869114635
 0.003512917095536
 0.003087927063627
 0.002272936058261
 0.001464886013060
 0.000716716126876
-0.000133769989225
 0.003868609012503
 0.003257747949517
 0.002850700045780
 0.002444312107430
 0.001851691570972
 0.001260144894247
 0.000731017596992
 0.000218041561193
 0.003563400512539
 0.002727670536922
 0.002180123108017
 0.001811656128301
 0.001431680042442
 0.001062058357353
 0.000732512656194
 0.000444870339063
 0.002133908965585
 0.001906204790227
 0.001606967099924
 0.001356087499106
 0.001118868730367
 0.000895569123149
 0.000697754115258
 0.000533226159799
 0.001346698299799
 0.001316138794396
 0.001192417264172
 0.001044681679845
 0.000897144557058
 0.000760152282231
 0.000640667735133
 0.000543468836991
 0.001054019967464
 0.001004710112252
 0.000923586815140
 0.000826324512854
 0.000730761388871
 0.000646008984292
 0.000575112572556
 0.000518566422012
 0.000916092425833
 0.000825552116783
 0.000737688914006
 0.000656771384968
 0.000591422462104
 0.000543731880714
 0.000509533603815
 0.000483211790059
 0.004826596572547
 0.005827961598084
 0.004756769777905
 0.003478499380069
 0.002537515852258
 0.001700208321412
 0.000589670015327
-0.002052804996530
 0.003500442317703
 0.003680109193881
 0.003392883126470
 0.002827615837802
 0.002181913502387
 0.001495331673564
 0.000577717553938
-0.001182004409712
 0.002952952164447
 0.002869018354054
 0.002626031715301
 0.002262229047381
 0.001813918162894
 0.001316690102219
 0.000723772345446
-0.000068811389304
 0.002493535931789
 0.002316905372129
 0.002070841169198
 0.001792466428300
 0.001481396013120
 0.001149659931327
 0.000797258888614
 0.000428966328807
 0.001955303692152
 0.001814090460775
 0.001626572342539
 0.001422303335590
 0.001209016124220
 0.000993603821506
 0.000782788655444
 0.000588688787288
 0.001526779776724
 0.001417218530727
 0.001285429146889
 0.001140870357863
 0.000994865064537
 0.000854373082077
 0.000724498779577
 0.000611896738954
 0.001264974433563
 0.001148407409044
 0.001037178334324
 0.000927692041645
 0.000825447229513
 0.000733632242403
 0.000653265785013
 0.000585684054401
 0.001105974167279
 0.000962007697562
 0.000847108738647
 0.000755178493132
 0.000684114497089
 0.000629142601706
 0.000584856975641
 0.000547681779193
 0.005564633383090
 0.007118610607939
 0.005511704319198
 0.003846878443077
 0.002794040757444
 0.002007369850305
 0.000998693576117
-0.003218560091704
 0.003658668066595
 0.003929734622736
 0.003616827615779
 0.002984835844677
 0.002346645811706
 0.001733200273435
 0.000838128010886
-0.001662253657825
 0.002847102993584
 0.002854024861865
 0.002669790782281
 0.002329256641743
 0.001925793062280
 0.001490160601673
 0.000921940198913
-0.000004180886931
 0.002350314281686
 0.002258164362136
 0.002088646353415
 0.001850605926596
 0.001576285972155
 0.001281701516112
 0.000948840426723
 0.000560585535377
 0.001955432385586
 0.001834868793540
 0.001678792178330
 0.001494101307765
 0.001297810586628
 0.001098628742036
 0.000896723593056
 0.000698332528605
 0.001637347942778
 0.001509679341794
 0.001369759173253
 0.001222362529249
 0.001078074090480
 0.000941152290158
 0.000812567279493
 0.000696449739421
 0.001414798339681
 0.001269270578899
 0.001135947244986
 0.001013177008850
 0.000904630932017
 0.000809567732527
 0.000725790899132
 0.000653343095826
 0.001280231676581
 0.001099432722446
 0.000956668334258
 0.000846758956257
 0.000764906632054
 0.000701823986424
 0.000649786819650
 0.000605206565523
 0.005157287315758
 0.006412332555900
 0.005891524840858
 0.004338627839705
 0.003178343158057
 0.002610421389825
 0.002688969404040
 0.003260871240169
 0.003739398683270
 0.004152507907042
 0.003969939535567
 0.003293437279151
 0.002638975304930
 0.002206615334507
 0.001854428074215
 0.000744476431999
 0.002891335351175
 0.002971014735532
 0.002826933479758
 0.002490081479696
 0.002118198938761
 0.001798415553824
 0.001458823986625
 0.000862169405980
 0.002395396581628
 0.002345161123639
 0.002185329063606
 0.001951145432639
 0.001702809531086
 0.001469178858329
 0.001226727499409
 0.000927005676427
 0.002057070028460
 0.001954696522894
 0.001776171152527
 0.001575786519301
 0.001387384281415
 0.001215240313575
 0.001048379612844
 0.000877152055393
 0.001764430351533
 0.001639423065007
 0.001464135772765
 0.001292807099044
 0.001146374713222
 0.001019850918117
 0.000904539715242
 0.000797079283491
 0.001532940326468
 0.001382283213095
 0.001219793374139
 0.001077052321181
 0.000963105598927
 0.000870150991152
 0.000789905214263
 0.000718990653218
 0.001439641122225
 0.001238073027713
 0.001058867184449
 0.000922465108319
 0.000826939224821
 0.000757314898185
 0.000701476089888
 0.000653804129447
 0.005306529036822
 0.008775571335333
 0.009805869049035
 0.005353607499206
 0.003545630212021
 0.003245246537799
 0.004537163389406
 0.009312722173234
 0.003863958371203
 0.004689414793104
 0.004704028333484
 0.003695995054827
 0.002925671277722
 0.002755762710591
 0.003257015386892
 0.003972894770979
 0.002975240641830
 0.003136893030184
 0.003012792725485
 0.002644149205248
 0.002299218745678
 0.002150824609471
 0.002199742728234
 0.002168297925141
 0.002593676630314
 0.002555516905760
 0.002321820471365
 0.002042734617219
 0.001812397647141
 0.001662605089895
 0.001565364236279
 0.001422811745366
 0.002456855474621
 0.002312596027938
 0.001943385642822
 0.001647744062141
 0.001453204844501
 0.001317673687751
 0.001205508167479
 0.001082695268762
 0.002131584233955
 0.001951268940859
 0.001587532033870
 0.001333519950718
 0.001182189435515
 0.001075708818297
 0.000984567232309
 0.000895245032777
 0.001661485739860
 0.001487038254301
 0.001254172905840
 0.001088992997929
 0.000983658600096
 0.000905223487499
 0.000837392384367
 0.000774372199601
 0.001571304876522
 0.001331998728565
 0.001104305866208
 0.000950376027186
 0.000854612319636
 0.000788509149303
 0.000736002699800
 0.000690469972839
 0.005284256351961
 0.012424040093716
 0.017292179896765
 0.005753005687025
 0.003561106658141
 0.003589402007630
 0.006162857740789
 0.015936148494561
 0.003778179483751
 0.004848280473633
 0.004978812385440
 0.003741957231778
 0.002981656692589
 0.003132900940764
 0.004922541534900
 0.009741188342080
 0.002996209657253
 0.003174363796559
 0.003019834566452
 0.002632894657545
 0.002343116641761
 0.002382993693219
 0.002894541373321
 0.003560916918057
 0.003108116140977
 0.002972128900353
 0.002445631804857
 0.002054646066415
 0.001838572618860
 0.001773999863776
 0.001823662329806
 0.001834950346994
 0.004456307378657
 0.003704926992220
 0.002229646981117
 0.001662757824960
 0.001457123865749
 0.001364195421633
 0.001308650769757
 0.001234695885726
 0.004152248398853
 0.003219020418218
 0.001718903517599
 0.001281802160742
 0.001156141272084
 0.001088144233618
 0.001028725579861
 0.000961844120429
 0.001728057250348
 0.001394433428916
 0.001055349564387
 0.000969996589976
 0.000940161398091
 0.000903084018553
 0.000858376956139
 0.000808992383074
 0.001429167456582
 0.001115432191410
 0.000934127420461
 0.000868237796376
 0.000828233937337
 0.000788773843413
 0.000749850443536
 0.000712312736776
 0.004076270482321
 0.005909847156306
 0.006269295460667
 0.004054376570522
 0.003071684113756
 0.003308766410886
 0.006590457703828
 0.023334523779156
 0.003198969698331
 0.003760713239149
 0.003758612895835
 0.003085318546711
 0.002657010770491
 0.002987639994705
 0.005456863474036
 0.017226344248969
 0.002775550858396
 0.002881946151160
 0.002683252917355
 0.002359171972868
 0.002163028329941
 0.002301163996433
 0.002989356142863
 0.003979309879165
 0.003706192241718
 0.003338980848180
 0.002387212999382
 0.001923953170435
 0.001738774160724
 0.001724605862150
 0.001836525780902
 0.001908789029339
 0.016232751976638
 0.008150450756998
 0.002327815087189
 0.001537676292222
 0.001378691581580
 0.001327195823133
 0.001307543676004
 0.001263641301814
 0.023334523779156
 0.007856976694068
 0.001233277900456
 0.001018373772051
 0.001055643013701
 0.001048805762060
 0.001021161894090
 0.000975793451368
-0.000518954623634
-0.001207565376572
-0.000097449449409
 0.000609510960674
 0.000823959005205
 0.000861626347972
 0.000848063332802
 0.000816759951065
 0.000024743552128
-0.000280830993682
 0.000249046543868
 0.000627454502353
 0.000745703733197
 0.000758582033537
 0.000742499596905
 0.000718944927451
 0.023334523779156
 0.023334523779156
 0.023334523779156
 0.023334523779156
 0.023334523779156
 0.023334523779156
 0.023334523779156
 0.023334523779156
 0.023334523779156
 0.023334523779156
 0.023334523779156
 0.023334523779156
 0.023334523779156
 0.023334523779156
 0.023334523779156
 0.023334523779156
 0.023334523779156
 0.023334523779156
 0.023334523779156
 0.023334523779156
 0.023334523779156
 0.023334523779156
 0.023334523779156
 0.023334523779156
 0.023334523779156
 0.023334523779156
 0.023334523779156
 0.023334523779156
 0.023334523779156
 0.014275907263343
 0.023334523779156
 0.023334523779156
 0.023334523779156
 0.023334523779156
 0.023334523779156
 0.004494405349454
 0.002278884475971
 0.002839000256979
 0.015659755303038
 0.023334523779156
 0.023334523779156
 0.023334523779156
 0.009117204555275
 0.000037233650137
-0.000713658832621
-0.000130960183050
 0.003833288557849
 0.019973880479268
 0.023334523779156
 0.019782560247162
 0.001550853227089
-0.000798166578254
-0.001088384414457
-0.000909135673853
 0.000315104694833
 0.005311370126019
 0.012158259632405
 0.004389009434038
 0.002131396850658
 0.000737173196989
-0.000232471960917
-0.000677742522418
-0.000458230885520
 0.002586416764991
 0.023334523779156
 0.023334523779156
 0.023334523779156
 0.023334523779156
 0.023334523779156
 0.023334523779156
 0.023334523779156
 0.023334523779156
 0.023334523779156
 0.023334523779156
 0.023334523779156
 0.023334523779156
 0.023334523779156
 0.023334523779156
 0.023334523779156
 0.023334523779156
 0.023334523779156
 0.023334523779156
 0.012314593399017
 0.011691907860970
 0.008856748843493
 0.010745460283594
 0.023334523779156
 0.023334523779156
 0.023334523779156
 0.023334523779156
 0.008560136405202
 0.002545336453258
 0.001518787819709
 0.002471488106885
 0.013297792615878
 0.023334523779156
 0.023334523779156
 0.023334523779156
 0.005670201361627
-0.000123852816619
-0.000680543843311
-0.000261703755251
 0.002447815114424
 0.010590913375111
 0.023334523779156
 0.023334523779156
 0.001921849291587
-0.000875205390424
-0.001150855648894
-0.001003904010521
-0.000230136858859
 0.002100263646189
 0.023334523779156
 0.005109004178885
-0.000152518925528
-0.001032614667158
-0.001178455911711
-0.001165688156203
-0.000890127464828
 0.000572420145400
 0.004876033000581
 0.002411823615435
 0.001490789926708
 0.000477510151909
-0.000329308113280
-0.000753456451946
-0.000733096255463
 0.001746115343326
 0.023334523779156
 0.023334523779156
 0.023334523779156
 0.023334523779156
 0.021387236084942
 0.023334523779156
 0.023334523779156
 0.023334523779156
 0.023334523779156
 0.020777428140127
 0.010213240572211
 0.004691819898733
 0.008608600561411
 0.023334523779156
 0.023334523779156
 0.023334523779156
 0.023334523779156
 0.008840236015006
 0.001191607390734
 0.000230820394943
 0.002026600797259
 0.020306666850805
 0.023334523779156
 0.023334523779156
 0.023334523779156
 0.011956568500606
 0.000505602797218
-0.000843695298041
-0.000479881552586
 0.002861761552625
 0.022024191274007
 0.023334523779156
 0.023334523779156
 0.009752020981794
 0.000120645616433
-0.001124707075593
-0.001150697020802
-0.000621066028052
 0.001380325234418
 0.006453862351372
 0.023334523779156
 0.004058126122316
-0.000531154100757
-0.001213199132471
-0.001268020414110
-0.001189778577131
-0.000928611515927
-0.000266610604672
 0.008091367035682
 0.000805039891634
-0.000766178010047
-0.001134106174395
-0.001227956450995
-0.001247857735177
-0.001174036494328
-0.000508601637077
 0.003903540323667
 0.002242413558585
 0.001160244848201
 0.000148792708965
-0.000530621178417
-0.000886889622877
-0.000932342682945
 0.000639510201332
 0.023334523779156
 0.023334523779156
 0.023334523779156
 0.023334523779156
 0.023334523779156
 0.023334523779156
 0.023334523779156
 0.023334523779156
 0.023334523779156
 0.023334523779156
 0.018504600269203
 0.008286081851270
 0.022570586354325
 0.023334523779156
 0.023334523779156
 0.023334523779156
 0.023334523779156
 0.003677152544962
 0.000585589538266
 0.000274354367207
 0.005505683304956
 0.023334523779156
 0.023334523779156
 0.023334523779156
 0.023334523779156
 0.002536330977466
-0.000856378201442
-0.001071511432444
 0.000204307190715
 0.007233890226476
 0.023334523779156
 0.023334523779156
 0.023334523779156
 0.001885830215434
-0.000918701414389
-0.001256380257744
-0.001052247250764
-0.000041574578666
 0.003133637274390
 0.010414748563353
 0.012808110798772
 0.001015601678002
-0.000738176110579
-0.001166977447332
-0.001249617723956
-0.001148344241074
-0.000849325989340
-0.000308853870887
 0.007667688923025
 0.002599967523172
 0.000349219061491
-0.000772152591415
-0.001175230562215
-0.001272436059785
-0.001250131319653
-0.000956504992591
 0.023334523779156
 0.014440686713350
 0.005444697230933
 0.000989235551279
-0.000544039707630
-0.001021224826593
-0.001109587011290
-0.000380977819995
 0.023334523779156
 0.023334523779156
 0.023334523779156
 0.023334523779156
 0.023334523779156
 0.023334523779156
 0.023334523779156
 0.023334523779156
 0.023334523779156
 0.023334523779156
 0.023334523779156
 0.023334523779156
 0.023334523779156
 0.023334523779156
 0.023334523779156
 0.023334523779156
 0.012927244856373
 0.003629436979368
 0.002451484056045
 0.002768628990115
 0.015456214852247
 0.023334523779156
 0.023334523779156
 0.023334523779156
 0.013841741106734
 0.001000596635932
-0.000504714671101
-0.000463014699068
 0.002557825609401
 0.018456423433814
 0.023334523779156
 0.023334523779156
 0.012231230930903
 0.002500814888994
 0.000344568656365
-0.000653306090100
-0.000488396296979
 0.001650132668848
 0.007403649357902
 0.016285429310516
 0.012812799859304
 0.006909072005083
 0.002818989842178
 0.000094487850743
-0.000897949009108
-0.000899320324623
-0.000376793633704
 0.000305226884740
 0.023334523779156
 0.023334523779156
 0.009582796186920
 0.001956600997629
-0.000597113964586
-0.001187489672481
-0.001227702835127
-0.001070620949540
 0.023334523779156
 0.023334523779156
 0.023334523779156
 0.008140095649827
 0.000502086591369
-0.000973545087978
-0.001128362817651
-0.000657088404272
 0.023334523779156
 0.023334523779156
 0.023334523779156
 0.023334523779156
 0.023334523779156
 0.023334523779156
 0.023334523779156
 0.023334523779156
 0.023334523779156
 0.023334523779156
 0.023334523779156
 0.023334523779156
 0.023334523779156
 0.023334523779156
 0.023334523779156
 0.023334523779156
 0.012965209183988
 0.008295095341410
 0.008587008584207
 0.009049078116975
 0.023334523779156
 0.023334523779156
 0.023334523779156
 0.023334523779156
 0.011885563195133
 0.007719638879492
 0.003871910023131
 0.001950021604497
 0.008854756923690
 0.023334523779156
 0.023334523779156
 0.023334523779156
 0.023334523779156
 0.023334523779156
 0.016812481249368
 0.004255882911277
 0.001509721768201
 0.006346174466705
 0.021855946764599
 0.023334523779156
 0.023334523779156
 0.023334523779156
 0.023334523779156
 0.010855034492980
 0.001267945931724
-0.000101202065097
 0.000844533926683
 0.002098722153406
 0.023334523779156
 0.023334523779156
 0.023334523779156
 0.019930676490404
 0.002639233869838
-0.000649002874403
-0.001006032165759
-0.000746551554228
 0.023334523779156
 0.023334523779156
 0.023334523779156
 0.023334523779156
 0.005679511600442
-0.000251789411072
-0.000670614886063
 0.000564763357707
 0.023334523779156
 0.023334523779156
 0.023334523779156
 0.023334523779156
 0.023334523779156
 0.023334523779156
 0.023334523779156
 0.023334523779156
 0.023334523779156
 0.023334523779156
 0.023334523779156
 0.023334523779156
 0.023334523779156
 0.023334523779156
 0.023334523779156
 0.023334523779156
 0.023334523779156
 0.021777337232801
 0.020805888951896
 0.019094881224789
 0.023334523779156
 0.023334523779156
 0.023334523779156
 0.023334523779156
 0.023334523779156
 0.023334523779156
 0.023334523779156
 0.012431831231697
 0.020881996268969
 0.023334523779156
 0.023334523779156
 0.023334523779156
 0.023334523779156
 0.023334523779156
 0.023334523779156
 0.023334523779156
 0.008953470209091
 0.014896821027263
 0.023334523779156
 0.023334523779156
 0.023334523779156
 0.023334523779156
 0.023334523779156
 0.023334523779156
 0.013476885085883
 0.002167814264103
 0.002877634685649
 0.005242117502084
 0.023334523779156
 0.023334523779156
 0.023334523779156
 0.023334523779156
 0.019283855276595
 0.001590886548439
-0.000185175709644
 0.000851184973067
 0.023334523779156
 0.023334523779156
 0.023334523779156
 0.023334523779156
 0.023334523779156
 0.002554489479607
 0.001196966317562
 0.006259855113498
 0.023334523779156
 0.023334523779156
 0.023334523779156
 0.023334523779156
 0.023334523779156
 0.023334523779156
 0.023334523779156
 0.023334523779156
 0.023334523779156
 0.023334523779156
 0.023334523779156
 0.023334523779156
 0.023334523779156
 0.023334523779156
 0.023334523779156
 0.023334523779156
 0.023334523779156
 0.023334523779156
 0.023334523779156
 0.023334523779156
 0.023334523779156
 0.023334523779156
 0.023334523779156
 0.023334523779156
 0.023334523779156
 0.023334523779156
 0.023334523779156
 0.023334523779156
 0.023334523779156
 0.023334523779156
 0.023334523779156
 0.023334523779156
 0.023334523779156
 0.023334523779156
 0.023334523779156
 0.023334523779156
 0.023334523779156
 0.022516686668996
 0.023334523779156
 0.023334523779156
 0.023334523779156
 0.023334523779156
 0.023334523779156
 0.023334523779156
 0.023334523779156
 0.009437992975122
 0.004897058349079
 0.008326056247998
 0.023334523779156
 0.023334523779156
 0.023334523779156
 0.023334523779156
 0.023334523779156
 0.009684287694864
 0.003048653882067
 0.010307519590987
 0.023334523779156
 0.023334523779156
 0.023334523779156
 0.023334523779156
 0.023334523779156
 0.011665876902860
 0.008894063104510
 0.023334523779156
 0.023334523779156
 0.023334523779156
 0.023334523779156
 0.023334523779156
 0.023334523779156
 0.023334523779156
 0.023334523779156
 0.023334523779156
 0.023334523779156
 0.023334523779156
 0.023334523779156
 0.023334523779156
 0.023334523779156
 0.023334523779156
 0.023334523779156
 0.023334523779156
 0.023334523779156
 0.023334523779156
 0.023334523779156
 0.023334523779156
 0.023334523779156
 0.012933681884868
 0.023334523779156
 0.023334523779156
 0.023334523779156
 0.023334523779156
 0.012800146419628
 0.008722990167977
 0.005404804387658
 0.002997986381127
 0.016294367140230
 0.023334523779156
 0.023334523779156
 0.023334523779156
 0.006254787750838
 0.000368860838192
-0.000173452114678
 0.000020004050840
 0.003897673694170
 0.022798470370979
 0.023334523779156
 0.023334523779156
 0.001768277012422
-0.000659799923312
-0.000814723483536
-0.000668057516302
 0.000429926344349
 0.005277212861314
 0.023334523779156
 0.004733616509636
-0.000298354749400
-0.000841768196596
-0.000878058330820
-0.000840167778483
-0.000553321898347
 0.000819166942549
 0.002416315628642
 0.000362915012736
-0.000161405372621
-0.000498988520387
-0.000738706440664
-0.000852569724319
-0.000824749786053
-0.000026555159701
 0.022822412299483
 0.023334523779156
 0.018377136964653
 0.017754879226208
 0.013093308176828
 0.012844689197096
 0.023334523779156
 0.023334523779156
 0.023334523779156
 0.005658908630158
 0.005395380068479
 0.007304806908134
 0.005323749915371
 0.006442979270903
 0.023334523779156
 0.023334523779156
 0.023334523779156
 0.012624750467702
 0.002177186729021
 0.002061980177949
 0.001295099068295
 0.001750851072907
 0.015315304734212
 0.023334523779156
 0.023334523779156
 0.023334523779156
 0.001394976486924
-0.000192867617209
-0.000446260981928
-0.000231943045044
 0.002729889438001
 0.014446982085023
 0.023334523779156
 0.019342230947849
 0.000760067429417
-0.000735240438690
-0.000847928275407
-0.000768640392032
-0.000095787984647
 0.002162169430669
 0.023334523779156
 0.006426730899645
-0.000195562636619
-0.000846111953553
-0.000876104594783
-0.000855415122006
-0.000713136280710
-0.000160962959242
 0.007716033577481
 0.000548392421509
-0.000755955131844
-0.000891822635956
-0.000883190747304
-0.000880425488857
-0.000856023469304
-0.000544960360659
 0.000281244651149
-0.000243696102321
-0.000383686510607
-0.000595216560918
-0.000769351505281
-0.000861701772224
-0.000877919030784
-0.000235676804316
 0.023334523779156
 0.023334523779156
 0.023334523779156
 0.007436838828891
 0.004580736251836
 0.023334523779156
 0.023334523779156
 0.023334523779156
 0.010514103193897
 0.004552258704970
 0.001620481795659
 0.000091174112900
 0.001152890466037
 0.021090853220888
 0.023334523779156
 0.023334523779156
 0.020291123229541
 0.001377677590456
-0.000671437015076
-0.000881314085907
-0.000435633403180
 0.004469229991257
 0.023334523779156
 0.023334523779156
 0.023334523779156
 0.002419187189281
-0.000693414600942
-0.000981563678877
-0.000898193668054
-0.000106402835472
 0.004929436061483
 0.023334523779156
 0.023334523779156
 0.001851608604012
-0.000704349300206
-0.000941046460315
-0.000928550233104
-0.000842071073765
-0.000425208527905
 0.000784293378674
 0.008598105210924
 0.000255637957815
-0.000845332250239
-0.000919580819758
-0.000891801186579
-0.000885778522657
-0.000882524888890
-0.000815506722383
 0.001197181042557
-0.000674374572819
-0.000940660615479
-0.000932537372776
-0.000899235943450
-0.000891659058116
-0.000907590173896
-0.000809973611820
-0.000083298357571
-0.000365379986975
-0.000540094523431
-0.000722960586861
-0.000834281114530
-0.000889588885634
-0.000910558372697
-0.000527553749200
 0.023334523779156
 0.023334523779156
 0.023334523779156
 0.018098409378178
 0.017049551054043
 0.023334523779156
 0.023334523779156
 0.023334523779156
 0.011188922301415
 0.008617869788032
 0.004007744528690
 0.001101012162822
 0.005351041644871
 0.023334523779156
 0.023334523779156
 0.023334523779156
 0.008336636215125
-0.000019743600078
-0.000797651804517
-0.000853030286300
 0.000577769172733
 0.013191424192465
 0.023334523779156
 0.023334523779156
 0.011908114008425
-0.000194591543542
-0.001033876381122
-0.001035470671447
-0.000716481131251
 0.001129338153369
 0.010939072484244
 0.023334523779156
 0.008195125291793
-0.000353559282914
-0.000989511559097
-0.000991985254084
-0.000922587201618
-0.000703688627006
 0.000045605558959
 0.001872332489555
 0.002658054460100
-0.000634481257904
-0.000946591120052
-0.000949938799021
-0.000918887618939
-0.000894096219724
-0.000867264581272
-0.000818639676356
 0.000986422680503
-0.000231980050064
-0.000703735060587
-0.000895043035704
-0.000924023100024
-0.000916179399967
-0.000927648671958
-0.000917026042958
 0.005839936923064
 0.003251650803916
 0.000653944843697
-0.000539866127941
-0.000868817152296
-0.000934486866172
-0.000950830225206
-0.000803227576954
 0.023334523779156
 0.023334523779156
 0.023334523779156
 0.023334523779156
 0.023334523779156
 0.023334523779156
 0.023334523779156
 0.023334523779156
 0.010386932160621
 0.012238155627611
 0.010142160313419
 0.005880446127984
 0.016365903719069
 0.023334523779156
 0.023334523779156
 0.023334523779156
 0.002631115813057
-0.000095357827550
-0.000349803367866
-0.000231632389701
 0.003536093699037
 0.023334523779156
 0.023334523779156
 0.023334523779156
 0.003051796735535
-0.000703141797998
-0.001011396042335
-0.000945599520879
-0.000094134768992
 0.004556671051285
 0.022341496721317
 0.023334523779156
 0.002427393870583
-0.000301990221536
-0.000749491468758
-0.000925462769431
-0.000843709676350
-0.000264033200455
 0.001315088976999
 0.003731236785868
 0.002350258420251
 0.000869562207377
-0.000105860720745
-0.000728972408715
-0.000913877767394
-0.000885440525615
-0.000768992059569
-0.000653211573965
 0.009313362104871
 0.005843670446868
 0.001820595372229
-0.000261847062461
-0.000860499455229
-0.000951639390830
-0.000953942437616
-0.000960015070653
 0.023334523779156
 0.023334523779156
 0.011883987289585
 0.001483793576749
-0.000648541840782
-0.000966502304437
-0.000978189365317
-0.000887776570954
 0.023334523779156
 0.023334523779156
 0.023334523779156
 0.023334523779156
 0.023334523779156
 0.023334523779156
 0.023334523779156
 0.023334523779156
 0.016087003126900
 0.023334523779156
 0.023334523779156
 0.023334523779156
 0.023334523779156
 0.023334523779156
 0.023334523779156
 0.023334523779156
 0.002474847806669
 0.001088175110849
 0.001240581370932
 0.001443397273446
 0.012178765492885
 0.023334523779156
 0.023334523779156
 0.023334523779156
 0.002094493419388
 0.001011331223977
 0.000038663184582
-0.000419772761904
 0.001712445511367
 0.017695437001755
 0.023334523779156
 0.023334523779156
 0.009922391996760
 0.009196623489578
 0.003718765071928
 0.000261579776098
-0.000413708614149
 0.001081413991274
 0.005828947541111
 0.011776613596502
 0.023334523779156
 0.023334523779156
 0.012232759695764
 0.002099581759786
-0.000475755112878
-0.000766435396915
-0.000473650292164
-0.000148472860526
 0.023334523779156
 0.023334523779156
 0.023334523779156
 0.004733919858445
-0.000120600361599
-0.000916730943256
-0.000966847843480
-0.000918434128026
 0.023334523779156
 0.023334523779156
 0.023334523779156
 0.012586923790442
 0.000713322014327
-0.000868174392232
-0.000920435947323
-0.000581927667713
 0.023334523779156
 0.023334523779156
 0.023334523779156
 0.023334523779156
 0.023334523779156
 0.023334523779156
 0.023334523779156
 0.023334523779156
 0.023334523779156
 0.023334523779156
 0.023334523779156
 0.023334523779156
 0.023334523779156
 0.023334523779156
 0.023334523779156
 0.023334523779156
 0.009645661515302
 0.004760567412960
 0.004540565515596
 0.004207752038536
 0.023334523779156
 0.023334523779156
 0.023334523779156
 0.023334523779156
 0.021863795649870
 0.020929072610033
 0.009220051351452
 0.002389551401508
 0.005265410070389
 0.023334523779156
 0.023334523779156
 0.023334523779156
 0.023334523779156
 0.023334523779156
 0.023334523779156
 0.011184487091510
 0.001540734764517
 0.003600875993902
 0.015368490006226
 0.023334523779156
 0.023334523779156
 0.023334523779156
 0.023334523779156
 0.023334523779156
 0.002798815378604
-0.000277085920702
 0.000035345911205
 0.000744618795928
 0.023334523779156
 0.023334523779156
 0.023334523779156
 0.023334523779156
 0.004468253476792
-0.000462450898790
-0.000858533698378
-0.000549009018622
 0.023334523779156
 0.023334523779156
 0.023334523779156
 0.023334523779156
 0.006868455791571
-0.000239920859216
-0.000512774038727
 0.001017503559070
 0.023334523779156
 0.023334523779156
 0.023334523779156
 0.023334523779156
 0.023334523779156
 0.023334523779156
 0.023334523779156
 0.023334523779156
 0.023334523779156
 0.023334523779156
 0.023334523779156
 0.023334523779156
 0.023334523779156
 0.023334523779156
 0.023334523779156
 0.023334523779156
 0.023334523779156
 0.014983891327871
 0.011050602550987
 0.007328647484902
 0.023334523779156
 0.023334523779156
 0.023334523779156
 0.023334523779156
 0.023334523779156
 0.023334523779156
 0.023334523779156
 0.019158387899021
 0.009756076239184
 0.023334523779156
 0.023334523779156
 0.023334523779156
 0.023334523779156
 0.023334523779156
 0.023334523779156
 0.023334523779156
 0.011793352699159
 0.005755407728760
 0.019917765192220
 0.023334523779156
 0.023334523779156
 0.023334523779156
 0.023334523779156
 0.023334523779156
 0.022004442253249
 0.001661808416019
 0.000492944407795
 0.001576210311729
 0.023334523779156
 0.023334523779156
 0.023334523779156
 0.023334523779156
 0.023334523779156
 0.001668916725024
-0.000077059789907
 0.002216497387948
 0.023334523779156
 0.023334523779156
 0.023334523779156
 0.023334523779156
 0.023334523779156
 0.002206265552824
 0.001618823866431
 0.011242569078690
 0.000000000000000
 0.000000000000000
 0.000000000000000
 0.000000000000000
 0.000000000000000
 0.000000000000000
 0.000000000000000
 0.000000000000000
 0.000000000000000
 0.000000000000000
 0.000000000000000
 0.000000000000000
 0.000000000000000
 0.000000000000000
 0.000000000000000
 0.000000000000000
 0.000000000000000
 0.000000000000000
 0.000000000000000
 0.000000000000000
 0.000000000000000
 0.000000000000000
 0.000000000000000
 0.000000000000000
 0.000000000000000
 0.000000000000000
 0.000000000000000
 0.000000000000000
 0.000000000000000
 0.000000000000000
 0.000000000000000
 0.000000000000000
 0.000000000000000
 0.000000000000000
 0.000000000000000
 0.000000000000000
 0.000000000000000
 0.000000000000000
 0.000000000000000
 0.000000000000000
 0.000000000000000
 0.000000000000000
 0.000000000000000
 0.000000000000000
 0.000000000000000
 0.000000000000000
 0.000000000000000
 0.000000000000000
 0.000000000000000
 0.000000000000000
 0.000000000000000
 0.000000000000000
 0.000000000000000
 0.000000000000000
 0.000000000000000
 0.000000000000000
 0.000000000000000
 0.000000000000000
 0.000000000000000
 0.000000000000000
 0.000000000000000
 0.000000000000000
 0.000000000000000
 0.000000000000000
 0.000000000000000
 0.000000000000000
 0.000000000000000
 0.000000000000000
 0.000000000000000
 0.000000000000000
 0.000000000000000
 0.000000000000000
 0.000000000000000
 0.000000000000000
 0.000000000000000
 0.000000000000000
 0.000000000000000
 0.000000000000000
 0.000000000000000
 0.000000000000000
 0.000000000000000
 0.000000000000000
 0.000000000000000
 0.000000000000000
 0.000000000000000
 0.000000000000000
 0.000000000000000
 0.000000000000000
 0.000000000000000
 0.000000000000000
 0.000000000000000
 0.000000000000000
 0.000000000000000
 0.000000000000000
 0.000000000000000
 0.000000000000000
 0.000000000000000
 0.000000000000000
 0.000000000000000
 0.000000000000000
 0.000000000000000
 0.000000000000000
 0.000000000000000
 0.000000000000000
 0.000000000000000
 0.000000000000000
 0.000000000000000
 0.000000000000000
 0.000000000000000
 0.000000000000000
 0.000000000000000
 0.000000000000000
 0.000000000000000
 0.000000000000000
 0.000000000000000
 0.000000000000000
 0.000000000000000
 0.000000000000000
 0.000000000000000
 0.000000000000000
 0.000000000000000
 0.000000000000000
 0.000000000000000
 0.000000000000000
 0.000000000000000
 0.000000000000000
 0.000000000000000
 0.000000000000000
 0.000000000000000
 0.000000000000000
 0.000000000000000
 0.000000000000000
 0.000000000000000
 0.000000000000000
 0.000000000000000
 0.000000000000000
 0.000000000000000
 0.000000000000000
 0.000000000000000
 0.000000000000000
 0.000000000000000
 0.000000000000000
 0.000000000000000
 0.000000000000000
 0.000000000000000
 0.000000000000000
 0.000000000000000
 0.000000000000000
 0.000000000000000
 0.000000000000000
 0.000000000000000
 0.000000000000000
 0.000000000000000
 0.000000000000000
 0.000000000000000
 0.000000000000000
 0.000000000000000
 0.000000000000000
 0.000000000000000
 0.000000000000000
 0.000000000000000
 0.000000000000000
 0.000000000000000
 0.000000000000000
 0.000000000000000
 0.000000000000000
 0.000000000000000
 0.000000000000000
 0.000000000000000
 0.000000000000000
 0.000000000000000
 0.000000000000000
 0.000000000000000
 0.000000000000000
 0.000000000000000
 0.000000000000000
 0.000000000000000
 0.000000000000000
 0.000000000000000
 0.000000000000000
 0.000000000000000
 0.000000000000000
 0.000000000000000
 0.000000000000000
 0.000000000000000
 0.000000000000000
 0.000000000000000
 0.000000000000000
 0.000000000000000
 0.000000000000000
 0.000000000000000
 0.000000000000000
 0.000000000000000
 0.000000000000000
 0.000000000000000
 0.000000000000000
 0.000000000000000
 0.000000000000000
 0.000000000000000
 0.000000000000000
 0.000000000000000
 0.000000000000000
 0.000000000000000
 0.000000000000000
 0.000000000000000
 0.000000000000000
 0.000000000000000
 0.000000000000000
 0.000000000000000
 0.000000000000000
 0.000000000000000
 0.000000000000000
 0.000000000000000
 0.000000000000000
 0.000000000000000
 0.000000000000000
 0.000000000000000
 0.000000000000000
 0.000000000000000
 0.000000000000000
 0.000000000000000
 0.000000000000000
 0.000000000000000
 0.000000000000000
 0.000000000000000
 0.000000000000000
 0.000000000000000
 0.000000000000000
 0.000000000000000
 0.000000000000000
 0.000000000000000
 0.000000000000000
 0.000000000000000
 0.000000000000000
 0.000000000000000
 0.000000000000000
 0.000000000000000
 0.000000000000000
 0.000000000000000
 0.000000000000000
 0.000000000000000
 0.000000000000000
 0.000000000000000
 0.000000000000000
 0.000000000000000
 0.000000000000000
 0.000000000000000
 0.000000000000000
 0.000000000000000
 0.000000000000000
 0.000000000000000
 0.000000000000000
 0.000000000000000
 0.000000000000000
 0.000000000000000
 0.000000000000000
 0.000000000000000
 0.000000000000000
 0.000000000000000
 0.000000000000000
 0.000000000000000
 0.000000000000000
 0.000000000000000
 0.000000000000000
 0.000000000000000
 0.000000000000000
 0.000000000000000
 0.000000000000000
 0.000000000000000
 0.000000000000000
 0.000000000000000
 0.000000000000000
 0.000000000000000
 0.000000000000000
 0.000000000000000
 0.000000000000000
 0.000000000000000
 0.000000000000000
 0.000000000000000
 0.000000000000000
 0.000000000000000
 0.000000000000000
 0.000000000000000
 0.000000000000000
 0.000000000000000
 0.000000000000000
 0.000000000000000
 0.000000000000000
 0.000000000000000
 0.000000000000000
 0.000000000000000
 0.000000000000000
 0.000000000000000
 0.000000000000000
 0.000000000000000
 0.000000000000000
 0.000000000000000
 0.000000000000000
 0.000000000000000
 0.000000000000000
 0.000000000000000
 0.000000000000000
 0.000000000000000
 0.000000000000000
 0.000000000000000
 0.000000000000000
 0.000000000000000
 0.000000000000000
 0.000000000000000
 0.000000000000000
 0.000000000000000
 0.000000000000000
 0.000000000000000
 0.000000000000000
 0.000000000000000
 0.000000000000000
 0.000000000000000
 0.000000000000000
 0.000000000000000
 0.000000000000000
 0.000000000000000
 0.000000000000000
 0.000000000000000
 0.000000000000000
 0.000000000000000
 0.000000000000000
 0.000000000000000
 0.000000000000000
 0.000000000000000
 0.000000000000000
 0.000000000000000
 0.000000000000000
 0.000000000000000
 0.000000000000000
 0.000000000000000
 0.000000000000000
 0.000000000000000
 0.000000000000000
 0.000000000000000
 0.000000000000000
 0.000000000000000
 0.000000000000000
 0.000000000000000
 0.000000000000000
 0.000000000000000
 0.000000000000000
 0.000000000000000
 0.000000000000000
 0.000000000000000
 0.000000000000000
 0.000000000000000
 0.000000000000000
 0.000000000000000
 0.000000000000000
 0.000000000000000
 0.000000000000000
 0.000000000000000
 0.000000000000000
 0.000000000000000
 0.000000000000000
 0.000000000000000
 0.000000000000000
 0.000000000000000
 0.000000000000000
 0.000000000000000
 0.000000000000000
 0.000000000000000
 0.000000000000000
 0.000000000000000
 0.000000000000000
 0.000000000000000
 0.000000000000000
 0.000000000000000
 0.000000000000000
 0.000000000000000
 0.000000000000000
 0.000000000000000
 0.000000000000000
 0.000000000000000
 0.000000000000000
 0.000000000000000
 0.000000000000000
 0.000000000000000
 0.000000000000000
 0.000000000000000
 0.000000000000000
 0.000000000000000
 0.000000000000000
 0.000000000000000
 0.000000000000000
 0.000000000000000
 0.000000000000000
 0.000000000000000
 0.000000000000000
 0.000000000000000
 0.000000000000000
 0.000000000000000
 0.000000000000000
 0.000000000000000
 0.000000000000000
 0.000000000000000
 0.000000000000000
 0.000000000000000
 0.000000000000000
 0.000000000000000
 0.000000000000000
 0.000000000000000
 0.000000000000000
 0.000000000000000
 0.000000000000000
 0.000000000000000
 0.000000000000000
 0.000000000000000
 0.000000000000000
 0.000000000000000
 0.000000000000000
 0.000000000000000
 0.000000000000000
 0.000000000000000
 0.000000000000000
 0.000000000000000
 0.000000000000000
 0.000000000000000
 0.000000000000000
 0.000000000000000
 0.000000000000000
 0.000000000000000
 0.000000000000000
 0.000000000000000
 0.000000000000000
 0.000000000000000
 0.000000000000000
 0.000000000000000
 0.000000000000000
 0.000000000000000
 0.000000000000000
 0.000000000000000
 0.000000000000000
 0.000000000000000
 0.000000000000000
 0.000000000000000
 0.000000000000000
 0.000000000000000
 0.000000000000000
 0.000000000000000
 0.000000000000000
 0.000000000000000
 0.000000000000000
 0.000000000000000
 0.000000000000000
 0.000000000000000
 0.000000000000000
 0.000000000000000
 0.000000000000000
 0.000000000000000
 0.000000000000000
 0.000000000000000
 0.000000000000000
 0.000000000000000
 0.000000000000000
 0.000000000000000
 0.000000000000000
 0.000000000000000
 0.000000000000000
 0.000000000000000
 0.000000000000000
 0.000000000000000
 0.000000000000000
 0.000000000000000
 0.000000000000000
 0.000000000000000
 0.000000000000000
 0.000000000000000
 0.000000000000000
 0.000000000000000
 0.000000000000000
 0.000000000000000
 0.000000000000000
 0.000000000000000
 0.000000000000000
 0.000000000000000
 0.000000000000000
 0.000000000000000
 0.000000000000000
 0.000000000000000
 0.000000000000000
 0.000000000000000
 0.000000000000000
 0.000000000000000
 0.000000000000000
 0.000000000000000
 0.000000000000000
 0.000000000000000
 0.000000000000000
 0.000000000000000
 0.000000000000000
 0.000000000000000
 0.000000000000000
 0.000000000000000
 0.000000000000000
 0.000000000000000
 0.000000000000000
 0.000000000000000
 0.000000000000000
 0.000000000000000
 0.000000000000000
 0.000000000000000
 0.000000000000000
 0.000000000000000
 0.000000000000000
 0.460308812182966
 0.000000000000000
 0.000281875390398
 0.000019158586596
 0.000302685542968
 0.000841496432125
 0.001430558335620
 0.001032052752733
 0.000074032194136
-0.000234421689779
-0.000590912638115
-0.001181868645210
-0.000033153173076
 0.000794108492437
 0.000702331924560
 0.000320340820547
-0.000021133300369
-0.000108474894515
-0.000254981998189
-0.001148416837606
 0.000129572132438
 0.000933028340349
 0.000637011285968
 0.000272505282974
 0.000063449163116
 0.000017300074509
 0.000151823839562
-0.000624485831912
 0.000012421273185
 0.000519960129477
 0.000420387709337
 0.000221919570955
 0.000105072060510
 0.000078537643080
-0.001717815515730
-0.001172464125021
-0.000421737576183
 0.000030506472394
 0.000145759691806
 0.000123477107451
 0.000092451147746
 0.000090836586791
-0.003550311966019
-0.001815441978008
-0.000729866898793
-0.000233142533612
-0.000032682239960
 0.000034830430361
 0.000058743131314
 0.000077707735185
-0.002481583705866
-0.001482693554064
-0.000707737755902
-0.000309956721999
-0.000119290092733
-0.000026248982465
 0.000024711496149
 0.000058375200321
-0.001120483998429
-0.000839928776391
-0.000513634116039
-0.000299695895497
-0.000168789924203
-0.000076914597550
-0.000007093223589
 0.000043264092940
 0.000010372077733
-0.000619347051467
 0.000050724540415
 0.000831126475005
 0.000787289390106
-0.000478216551583
-0.001760156362680
-0.001369360365029
-0.005143818581257
-0.010469336735221
-0.000562951278493
 0.002454025633283
 0.000948739074987
-0.000128575111877
-0.000696817670414
-0.000640914515400
-0.002780465485992
-0.008787489855596
 0.003698527204210
 0.005684399358687
 0.001434679353941
 0.000260986984441
-0.000141980677701
-0.000208460028841
 0.003361978553665
-0.001674918647383
 0.000949464802011
 0.002026537393822
 0.000899697448004
 0.000293894791465
 0.000048285258194
-0.000024065436724
-0.005646199329047
-0.002341125900705
-0.000534382043213
 0.000244309871007
 0.000289804885842
 0.000166937776077
 0.000077110701595
 0.000039671283385
-0.020871105646499
-0.004016242537986
-0.001103416797518
-0.000266235130971
-0.000003425460715
 0.000056005685497
 0.000058547027269
 0.000055939689100
-0.006737953578249
-0.002721494194654
-0.001009584670228
-0.000370238046736
-0.000112137471468
-0.000006558179929
 0.000037353387356
 0.000058401127805
-0.001875249776667
-0.001259581094676
-0.000676618929742
-0.000334998908655
-0.000147537594428
-0.000040554695221
 0.000023462745573
 0.000061878914422
 0.007111412731839
 0.015282267762115
 0.001045442762208
 0.000759777751104
-0.000491343753509
-0.004323293522048
-0.007929007068907
-0.003648225513650
-0.014983337427795
-0.023334523779156
-0.001225480633980
 0.004593226115085
 0.000913002133732
-0.000900597831110
-0.001738051025954
-0.001305383700254
-0.010596509654351
-0.023334523779156
 0.023334523779156
 0.020538150747374
 0.001972245263523
 0.000160851000904
-0.000365972542458
-0.000430206594101
 0.007078842922565
-0.003042799980492
 0.002157181263968
 0.003523747614637
 0.001179973362863
 0.000312371020017
-0.000011432974078
-0.000123734022679
-0.006284491656328
-0.002550969265877
-0.000482673445625
 0.000400130985910
 0.000378368124332
 0.000194111418037
 0.000062114616446
-0.000010083107233
-0.023334523779156
-0.004377096334455
-0.001106079761656
-0.000216020650012
 0.000047114053190
 0.000088239383584
 0.000066169166730
 0.000038213936309
-0.007609714887716
-0.002839849256049
-0.000986412310075
-0.000318775522308
-0.000057575227085
 0.000037652257351
 0.000063418521351
 0.000064788423360
-0.001820644633530
-0.001216862181064
-0.000617801316043
-0.000264535246269
-0.000074597644095
 0.000022232851414
 0.000067573480797
 0.000086553170085
 0.008693347780069
 0.017705399900835
 0.001833660348051
 0.000653056245939
-0.000731832891111
-0.005632765242778
-0.011568215793057
-0.004112921005537
-0.003514973833696
-0.008189125962395
-0.000896360847277
 0.001587388255726
 0.000461633247884
-0.000982147512904
-0.001826517155348
-0.001365375818317
-0.004078419851470
-0.009117994393550
 0.000307334770055
 0.003053976510275
 0.001087886846749
 0.000100283769562
-0.000368077599345
-0.000503465920526
 0.000301608383874
-0.001948142821779
 0.000237475213034
 0.001393129759478
 0.000774575374713
 0.000264873714951
-0.000031858931493
-0.000204630103048
-0.001854293488460
-0.001415260080409
-0.000368389905076
 0.000268337359432
 0.000330166305446
 0.000198971598411
 0.000054832359881
-0.000063964643960
-0.004570937637702
-0.002037667725491
-0.000678231133203
-0.000089450657500
 0.000116533790500
 0.000137164337948
 0.000086325481701
 0.000021283914114
-0.002714690413206
-0.001497192778612
-0.000591623280430
-0.000143440617738
 0.000053951775764
 0.000114805385353
 0.000107764016026
 0.000077648338215
-0.000828371116053
-0.000652368702682
-0.000320997487281
-0.000082451950754
 0.000054653932798
 0.000114817877809
 0.000126782596187
 0.000117232647466
 0.001783718103203
 0.001942257100399
 0.001142077389139
 0.000948365958073
 0.000767530234386
-0.000065134434042
-0.000752898309229
-0.000536729873900
 0.000018682703732
-0.000347248119425
 0.000260223545291
 0.000842641001830
 0.000800318775830
 0.000311150318246
-0.000277857609667
-0.000592935198976
-0.000569662665127
-0.001136298205416
-0.000076784489902
 0.000741035178761
 0.000703222408171
 0.000361600501230
-0.000053025230414
-0.000451189516193
-0.000210466562420
-0.000602708121799
-0.000044041674226
 0.000471897845386
 0.000493572082443
 0.000288987942043
 0.000010361707305
-0.000302857841556
-0.000545832459494
-0.000535540048654
-0.000143708611208
 0.000208349248543
 0.000314156464639
 0.000236528160880
 0.000068285301859
-0.000136282575792
-0.000958621834827
-0.000656184014699
-0.000222042135894
 0.000101449081537
 0.000247813349641
 0.000235561310444
 0.000133755376156
 0.000005838345226
-0.000614176451216
-0.000443615695459
-0.000133838814756
 0.000116985395560
 0.000248724810282
 0.000254048617238
 0.000186015280859
 0.000102584458854
 0.000063068975134
-0.000008493059549
 0.000069849422059
 0.000179473836027
 0.000253016241337
 0.000256470929604
 0.000212610510180
 0.000159128252612
 0.000886709546821
 0.000899552727288
 0.001049182886148
 0.001726544513477
 0.003502741593489
 0.005348504781207
 0.004284143612534
 0.001511814097167
 0.000447622398655
 0.000409463145035
 0.000665510282210
 0.001219801859420
 0.002032545208502
 0.002365979761490
 0.001341648850274
-0.000055242952747
 0.000142149440755
 0.000055848472325
 0.000320238054598
 0.000703201665901
 0.000960536444524
 0.000874358748141
 0.000323715134107
-0.000566491291213
 0.000016233050376
-0.000054491298238
 0.000143482100864
 0.000405737399405
 0.000520054881786
 0.000407245894343
 0.000066440931907
-0.000507588353060
-0.000131279323675
-0.000124190342727
 0.000062808052732
 0.000306964717741
 0.000428691499735
 0.000346902344209
 0.000108911650332
-0.000235240048499
-0.000191615331100
-0.000128508407666
 0.000081214749353
 0.000380898152395
 0.000549058751563
 0.000455520074294
 0.000236020458211
 0.000004847924092
 0.000070089131258
 0.000068938196885
 0.000212991640735
 0.000503836680653
 0.000676617986462
 0.000552841301909
 0.000332227757179
 0.000152637484000
 0.000702129456554
 0.000518876605715
 0.000434194440880
 0.000526936444980
 0.000606841160935
 0.000509601250599
 0.000347618407912
 0.000220179852099
 0.000735247509757
 0.000744540778716
 0.001116912165903
 0.002596622672631
 0.010265121468387
 0.023334523779156
 0.006980454906284
 0.000958087497567
 0.000464288198381
 0.000499868632863
 0.000803193164895
 0.001666829345806
 0.003819937203073
 0.005504605909688
 0.002242575014398
-0.000325582367650
 0.000240133698358
 0.000254694205729
 0.000447918911863
 0.000820028434075
 0.001247312084916
 0.001222637357613
 0.000401941414737
-0.000945923375784
 0.000076516967366
 0.000073808041287
 0.000208010780569
 0.000433267659357
 0.000584363886041
 0.000479231956921
 0.000070430899300
-0.000749583157173
-0.000044462167294
-0.000051967870310
 0.000097984729242
 0.000428752782559
 0.000649853994794
 0.000519604690233
 0.000182746326210
-0.000290393905791
-0.000041289379167
-0.000081926098775
 0.000140224224457
 0.000915725909054
 0.001423273957027
 0.000953581342225
 0.000421618310603
 0.000052889465912
 0.000281165455190
 0.000125739613684
 0.000312632885699
 0.001527836665188
 0.002344521427468
 0.001339467661321
 0.000586727036904
 0.000239105801271
 0.001192822436358
 0.000802282882294
 0.000576422134315
 0.001110772357722
 0.001552603787306
 0.001038176769099
 0.000547457626344
 0.000299787583912
 0.000595423036099
 0.000571328137063
 0.000932960929738
 0.002294562212057
 0.009286171020707
 0.023334523779156
 0.001548504453829
-0.002322910122915
 0.000317804664697
 0.000377079775777
 0.000663699617210
 0.001427215606399
 0.003217692707857
 0.003829181681664
-0.000755095761639
-0.001460799878438
 0.000136141625369
 0.000178128211822
 0.000344855034611
 0.000652253915209
 0.000943476786321
 0.000641772943032
-0.000277146260245
-0.000683923813725
-0.000008611618022
-0.000021585848709
 0.000073304345792
 0.000292937133416
 0.000459645806189
 0.000350261336887
 0.000028249858482
-0.000494931848783
-0.000144209949916
-0.000276046002094
-0.000227368299637
 0.000298554389686
 0.000791698672527
 0.000641401004865
 0.000281892125494
-0.000125144936881
-0.000186160237750
-0.000594620941542
-0.000671255524807
 0.001736893256686
 0.004019272254370
 0.001741023231929
 0.000623877012974
 0.000179091291258
 0.000136687040871
-0.000613512006308
-0.001057835751829
 0.006744291847969
 0.020542850415216
 0.003149419897746
 0.000857403506275
 0.000341294044861
 0.001222404012375
 0.000395278347538
-0.000488162244634
 0.001832981761715
 0.004607747259944
 0.001866695905935
 0.000720493019661
 0.000369620977982
 0.023334523779156
 0.023334523779156
 0.023334523779156
 0.023334523779156
 0.023334523779156
 0.023334523779156
 0.023334523779156
 0.023334523779156
 0.023334523779156
 0.023334523779156
 0.023334523779156
 0.023334523779156
 0.023334523779156
 0.023334523779156
 0.023334523779156
 0.023334523779156
 0.023334523779156
 0.023334523779156
 0.023334523779156
 0.023334523779156
 0.023334523779156
 0.023334523779156
 0.023334523779156
 0.023334523779156
 0.023334523779156
 0.023334523779156
 0.023334523779156
 0.023334523779156
 0.023334523779156
 0.023334523779156
 0.023334523779156
 0.023334523779156
 0.023334523779156
 0.023334523779156
 0.023334523779156
 0.023334523779156
 0.011331112989830
 0.023334523779156
 0.023334523779156
 0.023334523779156
 0.023334523779156
 0.023334523779156
 0.023334523779156
 0.023334523779156
 0.004516654699791
 0.020039446248447
 0.023334523779156
 0.023334523779156
 0.023334523779156
 0.023334523779156
 0.023334523779156
 0.021297534876175
 0.002090874682349
 0.006648332743481
 0.023334523779156
 0.023334523779156
 0.023334523779156
 0.023334523779156
 0.023334523779156
 0.023334523779156
 0.008548570259582
 0.004079892990361
 0.010298664021126
 0.023334523779156
 0.023334523779156
 0.023334523779156
 0.023334523779156
 0.023334523779156
 0.023334523779156
 0.023334523779156
 0.023334523779156
 0.023334523779156
 0.023334523779156
 0.023334523779156
 0.023334523779156
 0.023334523779156
 0.023334523779156
 0.023334523779156
 0.023334523779156
 0.023334523779156
 0.023334523779156
 0.023334523779156
 0.023334523779156
 0.023334523779156
 0.023334523779156
 0.023334523779156
 0.023334523779156
 0.023334523779156
 0.023334523779156
 0.023334523779156
 0.023334523779156
 0.023334523779156
 0.023334523779156
 0.023334523779156
 0.023334523779156
 0.023334523779156
 0.023334523779156
 0.023334523779156
 0.023334523779156
 0.023334523779156
 0.021677902226844
 0.010405429131444
 0.023334523779156
 0.023334523779156
 0.023334523779156
 0.023334523779156
 0.023334523779156
 0.023334523779156
 0.006596912881634
 0.004038502730391
 0.023334523779156
 0.023334523779156
 0.023334523779156
 0.023334523779156
 0.023334523779156
 0.023334523779156
 0.002501966058834
 0.000851903393557
 0.008571932832166
 0.023334523779156
 0.023334523779156
 0.023334523779156
 0.023334523779156
 0.022421187655556
 0.004349617693298
 0.001113288008183
 0.002337873209512
 0.013327341429517
 0.023334523779156
 0.023334523779156
 0.023334523779156
 0.023334523779156
 0.023334523779156
 0.023334523779156
 0.023334523779156
 0.023334523779156
 0.023334523779156
 0.023334523779156
 0.023334523779156
 0.023334523779156
 0.023334523779156
 0.023334523779156
 0.023334523779156
 0.023334523779156
 0.023334523779156
 0.023334523779156
 0.023334523779156
 0.023334523779156
 0.023334523779156
 0.023334523779156
 0.023334523779156
 0.023334523779156
 0.023334523779156
 0.023334523779156
 0.023334523779156
 0.023334523779156
 0.023334523779156
 0.023334523779156
 0.023334523779156
 0.023334523779156
 0.023334523779156
 0.023334523779156
 0.023334523779156
 0.023334523779156
 0.023334523779156
 0.004092152336093
 0.009063346589246
 0.023334523779156
 0.023334523779156
 0.023334523779156
 0.023334523779156
 0.023334523779156
 0.007204420372623
 0.000254025989821
 0.002685674050973
 0.011692945186618
 0.023334523779156
 0.023334523779156
 0.023334523779156
 0.023334523779156
 0.002275443458907
-0.000799118108515
 0.000360051230272
 0.006069224310505
 0.023334523779156
 0.023334523779156
 0.023334523779156
 0.018008337409284
 0.001939350656062
-0.000305725395021
 0.000348619434941
 0.012002488014976
 0.023334523779156
 0.023334523779156
 0.023334523779156
 0.023334523779156
 0.023334523779156
 0.023334523779156
 0.023334523779156
 0.023334523779156
 0.023334523779156
 0.023334523779156
 0.023334523779156
 0.023334523779156
 0.023334523779156
 0.023334523779156
 0.023334523779156
 0.023334523779156
 0.023334523779156
 0.023334523779156
 0.023334523779156
 0.023334523779156
 0.023334523779156
 0.023334523779156
 0.023334523779156
 0.023334523779156
 0.023334523779156
 0.023334523779156
 0.023334523779156
 0.023334523779156
 0.023334523779156
 0.023334523779156
 0.023334523779156
 0.023334523779156
 0.023334523779156
 0.023334523779156
 0.023334523779156
 0.023334523779156
 0.019860490720984
 0.003078751882208
 0.002599304257012
 0.005098636579259
 0.023334523779156
 0.023334523779156
 0.023334523779156
 0.023334523779156
 0.004345029513569
-0.000620074664345
-0.000638450483734
 0.000944165272153
 0.023334523779156
 0.023334523779156
 0.023334523779156
 0.023334523779156
 0.001067930643704
-0.001217570937526
-0.000991263298061
 0.002173792616471
 0.023334523779156
 0.023334523779156
 0.023334523779156
 0.012152538431438
 0.000983122142222
-0.000869891719137
-0.000289613731545
 0.010466211558714
 0.023334523779156
 0.023334523779156
 0.023334523779156
 0.023334523779156
 0.023334523779156
 0.023334523779156
 0.023334523779156
 0.023334523779156
 0.023334523779156
 0.023334523779156
 0.023334523779156
 0.023334523779156
 0.023334523779156
 0.023334523779156
 0.023334523779156
 0.023334523779156
 0.023334523779156
 0.023334523779156
 0.023334523779156
 0.023334523779156
 0.023334523779156
 0.023334523779156
 0.023334523779156
 0.023334523779156
 0.023334523779156
 0.023334523779156
 0.023334523779156
 0.023334523779156
 0.023334523779156
 0.023334523779156
 0.023334523779156
 0.023334523779156
 0.023334523779156
 0.023334523779156
 0.023334523779156
 0.023334523779156
 0.010777625627790
 0.005900433208261
 0.006431365512955
 0.015652470218045
 0.023334523779156
 0.023334523779156
 0.023334523779156
 0.019182070790977
 0.002532875817560
-0.000199028638594
-0.000296523814477
 0.001726756880978
 0.023334523779156
 0.023334523779156
 0.023334523779156
 0.014860257007248
 0.002252253420378
-0.000641940055699
-0.001083649155810
 0.000706955224869
 0.023334523779156
 0.023334523779156
 0.023334523779156
 0.023334523779156
 0.004654144778498
-0.000231952001966
-0.000630491996912
 0.005149406846148
 0.023334523779156
 0.023334523779156
 0.023334523779156
 0.023334523779156
 0.023334523779156
 0.023334523779156
 0.023334523779156
 0.023334523779156
 0.023334523779156
 0.023334523779156
 0.023334523779156
 0.023334523779156
 0.023334523779156
 0.023334523779156
 0.023334523779156
 0.023334523779156
 0.023334523779156
 0.023334523779156
 0.023334523779156
 0.023334523779156
 0.023334523779156
 0.023334523779156
 0.023334523779156
 0.023334523779156
 0.023334523779156
 0.023334523779156
 0.023334523779156
 0.023334523779156
 0.023334523779156
 0.023334523779156
 0.023334523779156
 0.023334523779156
 0.023334523779156
 0.023334523779156
 0.023334523779156
 0.023213989650128
 0.018023479865536
 0.018806511294072
 0.023334523779156
 0.023334523779156
 0.023334523779156
 0.023334523779156
 0.023334523779156
 0.023334523779156
 0.016482079006431
 0.004969433321094
 0.003005597913987
 0.011053424142510
 0.023334523779156
 0.023334523779156
 0.023334523779156
 0.023334523779156
 0.023334523779156
 0.006263245690514
 0.000335330070095
 0.000661814705998
 0.023334523779156
 0.023334523779156
 0.023334523779156
 0.023334523779156
 0.023334523779156
 0.006453145816029
 0.000375958304422
 0.001401683630210
 0.023334523779156
 0.023334523779156
 0.023334523779156
 0.023334523779156
 0.023334523779156
 0.023334523779156
 0.023334523779156
 0.023334523779156
 0.023334523779156
 0.023334523779156
 0.023334523779156
 0.023334523779156
 0.023334523779156
 0.023334523779156
 0.023334523779156
 0.023334523779156
 0.023334523779156
 0.023334523779156
 0.023334523779156
 0.023334523779156
 0.023334523779156
 0.023334523779156
 0.023334523779156
 0.023334523779156
 0.023334523779156
 0.023334523779156
 0.023334523779156
 0.023334523779156
 0.023334523779156
 0.023334523779156
 0.023334523779156
 0.023334523779156
 0.023334523779156
 0.023334523779156
 0.023334523779156
 0.023334523779156
 0.023334523779156
 0.023334523779156
 0.023334523779156
 0.023334523779156
 0.023334523779156
 0.023334523779156
 0.023334523779156
 0.023334523779156
 0.023334523779156
 0.023334523779156
 0.014060624832103
 0.023334523779156
 0.023334523779156
 0.023334523779156
 0.023334523779156
 0.023334523779156
 0.023334523779156
 0.023334523779156
 0.009192347850339
 0.003017218035895
 0.023334523779156
 0.023334523779156
 0.023334523779156
 0.023334523779156
 0.023334523779156
 0.023334523779156
 0.008028110677251
 0.001324230924400
 0.023334523779156
 0.023334523779156
 0.023334523779156
 0.023334523779156
 0.023334523779156
 0.023334523779156
 0.023334523779156
 0.023334523779156
 0.023334523779156
 0.023334523779156
 0.023334523779156
 0.023334523779156
 0.023334523779156
 0.023334523779156
 0.023334523779156
 0.023334523779156
 0.023334523779156
 0.023334523779156
 0.023334523779156
 0.023334523779156
 0.023334523779156
 0.023334523779156
 0.023334523779156
 0.023334523779156
 0.021086689539987
 0.023334523779156
 0.023334523779156
 0.023334523779156
 0.023334523779156
 0.023334523779156
 0.023334523779156
 0.023334523779156
 0.023334523779156
 0.023334523779156
 0.023334523779156
 0.023334523779156
 0.023334523779156
 0.023334523779156
 0.023334523779156
 0.023334523779156
 0.023334523779156
 0.023334523779156
 0.023334523779156
 0.023334523779156
 0.023334523779156
 0.023334523779156
 0.023334523779156
 0.023334523779156
 0.023334523779156
 0.023334523779156
 0.023334523779156
 0.023334523779156
 0.023334523779156
 0.023334523779156
 0.023334523779156
 0.008513969167992
 0.023334523779156
 0.023334523779156
 0.023334523779156
 0.023334523779156
 0.023334523779156
 0.023334523779156
 0.023334523779156
 0.005469227000638
 0.023334523779156
 0.023334523779156
 0.023334523779156
 0.023334523779156
 0.023334523779156
 0.023334523779156
 0.023334523779156
 0.023334523779156
 0.023334523779156
 0.023334523779156
 0.023334523779156
 0.023334523779156
 0.023334523779156
 0.023334523779156
 0.023334523779156
 0.023334523779156
 0.023334523779156
 0.023334523779156
 0.023334523779156
 0.023334523779156
 0.018521661577086
 0.023334523779156
 0.023334523779156
 0.023334523779156
 0.023334523779156
 0.023334523779156
 0.023334523779156
 0.023334523779156
 0.007633904068127
 0.017964301627379
 0.023334523779156
 0.023334523779156
 0.023334523779156
 0.023334523779156
 0.023334523779156
 0.021094177800799
 0.002075072967109
 0.010832108912387
 0.023334523779156
 0.023334523779156
 0.023334523779156
 0.023334523779156
 0.023334523779156
 0.009920261248562
 0.000239094958496
 0.005241401438381
 0.023334523779156
 0.023334523779156
 0.023334523779156
 0.023334523779156
 0.023334523779156
 0.004568234603944
-0.000427600905612
 0.001106557294200
 0.016601998423493
 0.023334523779156
 0.023334523779156
 0.023334523779156
 0.023334523779156
 0.006545818052732
 0.001343127410554
 0.000139081775365
 0.002115853936501
 0.012038582280622
 0.023334523779156
 0.023334523779156
 0.023334523779156
 0.023334523779156
 0.023334523779156
 0.023334523779156
 0.023334523779156
 0.023334523779156
 0.023334523779156
 0.023334523779156
 0.023334523779156
 0.023334523779156
 0.023334523779156
 0.023334523779156
 0.023334523779156
 0.023334523779156
 0.023334523779156
 0.023334523779156
 0.023334523779156
 0.023334523779156
 0.023334523779156
 0.023334523779156
 0.023334523779156
 0.023334523779156
 0.023334523779156
 0.023334523779156
 0.023334523779156
 0.023334523779156
 0.023334523779156
 0.006479688012342
 0.023334523779156
 0.023334523779156
 0.023334523779156
 0.023334523779156
 0.023334523779156
 0.023334523779156
 0.004909498950321
 0.001985847169566
 0.018719575343753
 0.023334523779156
 0.023334523779156
 0.023334523779156
 0.023334523779156
 0.023334523779156
 0.000725376770732
 0.000265966194928
 0.007641288384243
 0.023334523779156
 0.023334523779156
 0.023334523779156
 0.023334523779156
 0.012328986793015
-0.000361787884527
-0.000633154018476
 0.001727343307966
 0.010847942447431
 0.023334523779156
 0.023334523779156
 0.023334523779156
 0.004868349342830
 0.000106008506062
-0.000668278133618
-0.000269344986595
 0.003004472671631
 0.023334523779156
 0.023334523779156
 0.023334523779156
 0.023334523779156
 0.023334523779156
 0.023334523779156
 0.023334523779156
 0.023334523779156
 0.023334523779156
 0.023334523779156
 0.023334523779156
 0.023334523779156
 0.023334523779156
 0.023334523779156
 0.023334523779156
 0.023334523779156
 0.023334523779156
 0.023334523779156
 0.023334523779156
 0.023334523779156
 0.023334523779156
 0.023334523779156
 0.023334523779156
 0.023334523779156
 0.023334523779156
 0.023334523779156
 0.023334523779156
 0.023334523779156
 0.023334523779156
 0.005639141224624
 0.009698041628865
 0.023334523779156
 0.023334523779156
 0.023334523779156
 0.023334523779156
 0.023334523779156
 0.006843977640660
 0.000023530156891
 0.001595710195434
 0.008590850530816
 0.023334523779156
 0.023334523779156
 0.023334523779156
 0.023334523779156
 0.000869813701218
-0.000855576342352
-0.000103718187198
 0.002556186771349
 0.023334523779156
 0.023334523779156
 0.023334523779156
 0.013585454024893
-0.000428518258574
-0.001085658282349
-0.000730859912180
 0.000882745506206
 0.023334523779156
 0.023334523779156
 0.023334523779156
 0.003518383030955
-0.000554599876474
-0.001012690519384
-0.000789731736928
 0.002697712543923
 0.023334523779156
 0.023334523779156
 0.023334523779156
 0.023334523779156
 0.023334523779156
 0.023334523779156
 0.023334523779156
 0.023334523779156
 0.023334523779156
 0.023334523779156
 0.023334523779156
 0.023334523779156
 0.023334523779156
 0.023334523779156
 0.023334523779156
 0.023334523779156
 0.023334523779156
 0.023334523779156
 0.023334523779156
 0.023334523779156
 0.023334523779156
 0.023334523779156
 0.023334523779156
 0.023334523779156
 0.023334523779156
 0.023334523779156
 0.023334523779156
 0.023334523779156
 0.023334523779156
 0.007487247764215
 0.007943657378840
 0.006727250574542
 0.023334523779156
 0.023334523779156
 0.023334523779156
 0.023334523779156
 0.004331363731742
-0.000295148963428
-0.000413189126838
 0.000231119737285
 0.023334523779156
 0.023334523779156
 0.023334523779156
 0.015418425887113
 0.000074376084206
-0.001111904200212
-0.001086476168721
-0.000710382335264
 0.023334523779156
 0.023334523779156
 0.023334523779156
 0.006029924494353
-0.000756116587657
-0.001199234480650
-0.001100913639512
-0.000239260893123
 0.023334523779156
 0.023334523779156
 0.023334523779156
 0.002010776219136
-0.000794081857846
-0.001142086110594
-0.000930293487493
 0.002293510744274
 0.023334523779156
 0.023334523779156
 0.023334523779156
 0.023334523779156
 0.023334523779156
 0.023334523779156
 0.023334523779156
 0.023334523779156
 0.023334523779156
 0.023334523779156
 0.023334523779156
 0.023334523779156
 0.023334523779156
 0.023334523779156
 0.023334523779156
 0.023334523779156
 0.023334523779156
 0.023334523779156
 0.023334523779156
 0.023334523779156
 0.023334523779156
 0.023334523779156
 0.023334523779156
 0.023334523779156
 0.023334523779156
 0.023334523779156
 0.023334523779156
 0.023334523779156
 0.018494383518788
 0.018882080739058
 0.016361958063230
 0.020084150010086
 0.023334523779156
 0.023334523779156
 0.023334523779156
 0.014681052342731
 0.001754165754030
 0.000506581904644
 0.000579273424323
 0.002909515773626
 0.023334523779156
 0.023334523779156
 0.023334523779156
 0.003874457492690
-0.000470351639030
-0.001064129944755
-0.001068169410329
-0.000598604309507
 0.023334523779156
 0.023334523779156
 0.023334523779156
 0.002788688902391
-0.000474310022791
-0.001105411074107
-0.001169923490356
-0.000698683018102
 0.023334523779156
 0.023334523779156
 0.023334523779156
 0.007755245948565
 0.000238671401534
-0.001007429644932
-0.001045925009033
 0.000660015826346
 0.023334523779156
 0.023334523779156
 0.023334523779156
 0.023334523779156
 0.023334523779156
 0.023334523779156
 0.023334523779156
 0.023334523779156
 0.023334523779156
 0.023334523779156
 0.023334523779156
 0.023334523779156
 0.023334523779156
 0.023334523779156
 0.023334523779156
 0.023334523779156
 0.023334523779156
 0.023334523779156
 0.023334523779156
 0.023334523779156
 0.023334523779156
 0.023334523779156
 0.023334523779156
 0.023334523779156
 0.023334523779156
 0.023334523779156
 0.023334523779156
 0.023334523779156
 0.023334523779156
 0.023334523779156
 0.023334523779156
 0.023334523779156
 0.023334523779156
 0.023334523779156
 0.013355249519957
 0.005053004150242
 0.003901828653616
 0.004271509264035
 0.005744496834953
 0.023334523779156
 0.023334523779156
 0.023334523779156
 0.014727958035595
 0.008853712763148
 0.003364335576033
 0.000216586335437
-0.000322717170973
 0.001782923315181
 0.023334523779156
 0.023334523779156
 0.023334523779156
 0.021345685312439
 0.007011817920456
 0.000668684484551
-0.000908787541850
-0.000830666855598
 0.023334523779156
 0.023334523779156
 0.023334523779156
 0.023334523779156
 0.009169645951662
 0.000734719065525
-0.000866308337437
-0.000535299632348
 0.023334523779156
 0.023334523779156
 0.023334523779156
 0.023334523779156
 0.023334523779156
 0.023334523779156
 0.023334523779156
 0.023334523779156
 0.023334523779156
 0.023334523779156
 0.023334523779156
 0.023334523779156
 0.023334523779156
 0.023334523779156
 0.023334523779156
 0.023334523779156
 0.015087783698804
 0.013063727307210
 0.023334523779156
 0.023334523779156
 0.023334523779156
 0.023334523779156
 0.023334523779156
 0.023334523779156
 0.010022180319934
 0.007343936547725
 0.011108213604344
 0.023334523779156
 0.023334523779156
 0.023334523779156
 0.023334523779156
 0.023334523779156
 0.012301449462702
 0.016053795742775
 0.023334523779156
 0.023334523779156
 0.021164476942771
 0.013646853049984
 0.020701233141813
 0.023334523779156
 0.023334523779156
 0.023334523779156
 0.023334523779156
 0.023334523779156
 0.023334523779156
 0.012584217692791
 0.002563161200998
 0.008631366099698
 0.023334523779156
 0.023334523779156
 0.023334523779156
 0.023334523779156
 0.023334523779156
 0.022791889563633
 0.001375297705204
-0.000346701761350
 0.023334523779156
 0.023334523779156
 0.023334523779156
 0.023334523779156
 0.023334523779156
 0.018238753339148
 0.001117436839135
-0.000688632673955
 0.023334523779156
 0.023334523779156
 0.023334523779156
 0.023334523779156
 0.023334523779156
 0.023334523779156
 0.023334523779156
 0.023334523779156
 0.023334523779156
 0.023334523779156
 0.023334523779156
 0.023334523779156
 0.023334523779156
 0.023334523779156
 0.023334523779156
 0.023334523779156
 0.017471524568424
 0.007640187654451
 0.023334523779156
 0.023334523779156
 0.023334523779156
 0.023334523779156
 0.023334523779156
 0.023334523779156
 0.004174838574658
 0.010130157646742
 0.023334523779156
 0.023334523779156
 0.023334523779156
 0.023334523779156
 0.023334523779156
 0.023334523779156
 0.022964451667047
 0.023334523779156
 0.023334523779156
 0.023334523779156
 0.023334523779156
 0.023334523779156
 0.023334523779156
 0.023334523779156
 0.023334523779156
 0.023334523779156
 0.023334523779156
 0.023334523779156
 0.023334523779156
 0.023334523779156
 0.012356005579297
 0.018945353596412
 0.023334523779156
 0.023334523779156
 0.023334523779156
 0.023334523779156
 0.023334523779156
 0.023334523779156
 0.013971141176051
 0.001011997554739
 0.023334523779156
 0.023334523779156
 0.023334523779156
 0.023334523779156
 0.023334523779156
 0.023334523779156
 0.011172072889393
 0.000327994780521
 0.000000000000000
 0.000000000000000
 0.000000000000000
 0.000000000000000
 0.000000000000000
 0.000000000000000
 0.000000000000000
 0.000000000000000
 0.000000000000000
 0.000000000000000
 0.000000000000000
 0.000000000000000
 0.000000000000000
 0.000000000000000
 0.000000000000000
 0.000000000000000
 0.000000000000000
 0.000000000000000
 0.000000000000000
 0.000000000000000
 0.000000000000000
 0.000000000000000
 0.000000000000000
 0.000000000000000
 0.000000000000000
 0.000000000000000
 0.000000000000000
 0.000000000000000
 0.000000000000000
 0.000000000000000
 0.000000000000000
 0.000000000000000
 0.000000000000000
 0.000000000000000
 0.000000000000000
 0.000000000000000
 0.000000000000000
 0.000000000000000
 0.000000000000000
 0.000000000000000
 0.000000000000000
 0.000000000000000
 0.000000000000000
 0.000000000000000
 0.000000000000000
 0.000000000000000
 0.000000000000000
 0.000000000000000
 0.000000000000000
 0.000000000000000
 0.000000000000000
 0.000000000000000
 0.000000000000000
 0.000000000000000
 0.000000000000000
 0.000000000000000
 0.000000000000000
 0.000000000000000
 0.000000000000000
 0.000000000000000
 0.000000000000000
 0.000000000000000
 0.000000000000000
 0.000000000000000
 0.000000000000000
 0.000000000000000
 0.000000000000000
 0.000000000000000
 0.000000000000000
 0.000000000000000
 0.000000000000000
 0.000000000000000
 0.000000000000000
 0.000000000000000
 0.000000000000000
 0.000000000000000
 0.000000000000000
 0.000000000000000
 0.000000000000000
 0.000000000000000
 0.000000000000000
 0.000000000000000
 0.000000000000000
 0.000000000000000
 0.000000000000000
 0.000000000000000
 0.000000000000000
 0.000000000000000
 0.000000000000000
 0.000000000000000
 0.000000000000000
 0.000000000000000
 0.000000000000000
 0.000000000000000
 0.000000000000000
 0.000000000000000
 0.000000000000000
 0.000000000000000
 0.000000000000000
 0.000000000000000
 0.000000000000000
 0.000000000000000
 0.000000000000000
 0.000000000000000
 0.000000000000000
 0.000000000000000
 0.000000000000000
 0.000000000000000
 0.000000000000000
 0.000000000000000
 0.000000000000000
 0.000000000000000
 0.000000000000000
 0.000000000000000
 0.000000000000000
 0.000000000000000
 0.000000000000000
 0.000000000000000
 0.000000000000000
 0.000000000000000
 0.000000000000000
 0.000000000000000
 0.000000000000000
 0.000000000000000
 0.000000000000000
 0.000000000000000
 0.000000000000000
 0.000000000000000
 0.000000000000000
 0.000000000000000
 0.000000000000000
 0.000000000000000
 0.000000000000000
 0.000000000000000
 0.000000000000000
 0.000000000000000
 0.000000000000000
 0.000000000000000
 0.000000000000000
 0.000000000000000
 0.000000000000000
 0.000000000000000
 0.000000000000000
 0.000000000000000
 0.000000000000000
 0.000000000000000
 0.000000000000000
 0.000000000000000
 0.000000000000000
 0.000000000000000
 0.000000000000000
 0.000000000000000
 0.000000000000000
 0.000000000000000
 0.000000000000000
 0.000000000000000
 0.000000000000000
 0.000000000000000
 0.000000000000000
 0.000000000000000
 0.000000000000000
 0.000000000000000
 0.000000000000000
 0.000000000000000
 0.000000000000000
 0.000000000000000
 0.000000000000000
 0.000000000000000
 0.000000000000000
 0.000000000000000
 0.000000000000000
 0.000000000000000
 0.000000000000000
 0.000000000000000
 0.000000000000000
 0.000000000000000
 0.000000000000000
 0.000000000000000
 0.000000000000000
 0.000000000000000
 0.000000000000000
 0.000000000000000
 0.000000000000000
 0.000000000000000
 0.000000000000000
 0.000000000000000
 0.000000000000000
 0.000000000000000
 0.000000000000000
 0.000000000000000
 0.000000000000000
 0.000000000000000
 0.000000000000000
 0.000000000000000
 0.000000000000000
 0.000000000000000
 0.000000000000000
 0.000000000000000
 0.000000000000000
 0.000000000000000
 0.000000000000000
 0.000000000000000
 0.000000000000000
 0.000000000000000
 0.000000000000000
 0.000000000000000
 0.000000000000000
 0.000000000000000
 0.000000000000000
 0.000000000000000
 0.000000000000000
 0.000000000000000
 0.000000000000000
 0.000000000000000
 0.000000000000000
 0.000000000000000
 0.000000000000000
 0.000000000000000
 0.000000000000000
 0.000000000000000
 0.000000000000000
 0.000000000000000
 0.000000000000000
 0.000000000000000
 0.000000000000000
 0.000000000000000
 0.000000000000000
 0.000000000000000
 0.000000000000000
 0.000000000000000
 0.000000000000000
 0.000000000000000
 0.000000000000000
 0.000000000000000
 0.000000000000000
 0.000000000000000
 0.000000000000000
 0.000000000000000
 0.000000000000000
 0.000000000000000
 0.000000000000000
 0.000000000000000
 0.000000000000000
 0.000000000000000
 0.000000000000000
 0.000000000000000
 0.000000000000000
 0.000000000000000
 0.000000000000000
 0.000000000000000
 0.000000000000000
 0.000000000000000
 0.000000000000000
 0.000000000000000
 0.000000000000000
 0.000000000000000
 0.000000000000000
 0.000000000000000
 0.000000000000000
 0.000000000000000
 0.000000000000000
 0.000000000000000
 0.000000000000000
 0.000000000000000
 0.000000000000000
 0.000000000000000
 0.000000000000000
 0.000000000000000
 0.000000000000000
 0.000000000000000
 0.000000000000000
 0.000000000000000
 0.000000000000000
 0.000000000000000
 0.000000000000000
 0.000000000000000
 0.000000000000000
 0.000000000000000
 0.000000000000000
 0.000000000000000
 0.000000000000000
 0.000000000000000
 0.000000000000000
 0.000000000000000
 0.000000000000000
 0.000000000000000
 0.000000000000000
 0.000000000000000
 0.000000000000000
 0.000000000000000
 0.000000000000000
 0.000000000000000
 0.000000000000000
 0.000000000000000
 0.000000000000000
 0.000000000000000
 0.000000000000000
 0.000000000000000
 0.000000000000000
 0.000000000000000
 0.000000000000000
 0.000000000000000
 0.000000000000000
 0.000000000000000
 0.000000000000000
 0.000000000000000
 0.000000000000000
 0.000000000000000
 0.000000000000000
 0.000000000000000
 0.000000000000000
 0.000000000000000
 0.000000000000000
 0.000000000000000
 0.000000000000000
 0.000000000000000
 0.000000000000000
 0.000000000000000
 0.000000000000000
 0.000000000000000
 0.000000000000000
 0.000000000000000
 0.000000000000000
 0.000000000000000
 0.000000000000000
 0.000000000000000
 0.000000000000000
 0.000000000000000
 0.000000000000000
 0.000000000000000
 0.000000000000000
 0.000000000000000
 0.000000000000000
 0.000000000000000
 0.000000000000000
 0.000000000000000
 0.000000000000000
 0.000000000000000
 0.000000000000000
 0.000000000000000
 0.000000000000000
 0.000000000000000
 0.000000000000000
 0.000000000000000
 0.000000000000000
 0.000000000000000
 0.000000000000000
 0.000000000000000
 0.000000000000000
 0.000000000000000
 0.000000000000000
 0.000000000000000
 0.000000000000000
 0.000000000000000
 0.000000000000000
 0.000000000000000
 0.000000000000000
 0.000000000000000
 0.000000000000000
 0.000000000000000
 0.000000000000000
 0.000000000000000
 0.000000000000000
 0.000000000000000
 0.000000000000000
 0.000000000000000
 0.000000000000000
 0.000000000000000
 0.000000000000000
 0.000000000000000
 0.000000000000000
 0.000000000000000
 0.000000000000000
 0.000000000000000
 0.000000000000000
 0.000000000000000
 0.000000000000000
 0.000000000000000
 0.000000000000000
 0.000000000000000
 0.000000000000000
 0.000000000000000
 0.000000000000000
 0.000000000000000
 0.000000000000000
 0.000000000000000
 0.000000000000000
 0.000000000000000
 0.000000000000000
 0.000000000000000
 0.000000000000000
 0.000000000000000
 0.000000000000000
 0.000000000000000
 0.000000000000000
 0.000000000000000
 0.000000000000000
 0.000000000000000
 0.000000000000000
 0.000000000000000
 0.000000000000000
 0.000000000000000
 0.000000000000000
 0.000000000000000
 0.000000000000000
 0.000000000000000
 0.000000000000000
 0.000000000000000
 0.000000000000000
 0.000000000000000
 0.000000000000000
 0.000000000000000
 0.000000000000000
 0.000000000000000
 0.000000000000000
 0.000000000000000
 0.000000000000000
 0.000000000000000
 0.000000000000000
 0.000000000000000
 0.000000000000000
 0.000000000000000
 0.000000000000000
 0.000000000000000
 0.000000000000000
 0.000000000000000
 0.000000000000000
 0.000000000000000
 0.000000000000000
 0.000000000000000
 0.000000000000000
 0.000000000000000
 0.000000000000000
 0.000000000000000
 0.000000000000000
 0.000000000000000
 0.000000000000000
 0.000000000000000
 0.000000000000000
 0.000000000000000
 0.000000000000000
 0.000000000000000
 0.000000000000000
 0.000000000000000
 0.000000000000000
 0.000000000000000
 0.000000000000000
 0.000000000000000
 0.000000000000000
 0.000000000000000
 0.000000000000000
 0.000000000000000
 0.000000000000000
 0.000000000000000
 0.000000000000000
 0.000000000000000
 0.000000000000000
 0.000000000000000
 0.000000000000000
 0.000000000000000
 0.000000000000000
 0.000000000000000
 0.000000000000000
 0.000000000000000
 0.000000000000000
 0.000000000000000
 0.000000000000000
 0.000000000000000
 0.000000000000000
 0.000000000000000
 0.000000000000000
 0.000000000000000
 0.000000000000000
 0.000000000000000
 0.000000000000000
 0.000000000000000
 0.000000000000000
 0.000000000000000
 0.000000000000000
 0.000000000000000
 0.000000000000000
 0.000000000000000
 0.000000000000000
 0.000000000000000
 0.000000000000000
 0.000000000000000
 0.000000000000000
 0.000000000000000
 0.000000000000000
 0.000000000000000
 0.000000000000000
 0.000000000000000
 0.000000000000000
 0.000000000000000
 0.000000000000000
 0.000000000000000
 0.000000000000000
 0.000000000000000
 0.000000000000000
 0.000000000000000
 0.000000000000000
 0.000000000000000
 0.000000000000000
 0.000000000000000
 0.000000000000000
 0.000000000000000
 0.000000000000000
 0.000000000000000
 0.000000000000000
 0.000000000000000
 0.218684220540950
 0.000000000000000
