  -1.800   -1.800   -1.800      7753.551339
  -1.800   -1.800   -1.200     13388.622899
  -1.800   -1.800   -0.600      4503.363488
  -1.800   -1.800   -0.000      1240.577751
  -1.800   -1.800    0.600       765.349966
  -1.800   -1.800    1.200       957.753631
  -1.800   -1.800    1.800      1906.068919
  -1.800   -1.800    2.400     13199.897151
  -1.800   -1.200   -1.800     57798.597987
  -1.800   -1.200   -1.200    118028.639410
  -1.800   -1.200   -0.600     22291.457151
  -1.800   -1.200   -0.000      1346.341527
  -1.800   -1.200    0.600       138.411851
  -1.800   -1.200    1.200       241.920880
  -1.800   -1.200    1.800      2598.342141
  -1.800   -1.200    2.400    119401.800605
  -1.800   -0.600   -1.800    194235.775866
  -1.800   -0.600   -1.200    105748.671635
  -1.800   -0.600   -0.600     19588.020720
  -1.800   -0.600   -0.000      1204.863552
  -1.800   -0.600    0.600        78.580755
  -1.800   -0.600    1.200       127.528968
  -1.800   -0.600    1.800      2803.296817
  -1.800   -0.600    2.400    151110.366804
  -1.800   -0.000   -1.800    521101.391066
  -1.800   -0.000   -1.200     29216.127788
  -1.800   -0.000   -0.600      3609.556638
  -1.800   -0.000   -0.000       364.040117
  -1.800   -0.000    0.600        32.387912
  -1.800   -0.000    1.200        76.216077
  -1.800   -0.000    1.800      1212.009951
  -1.800   -0.000    2.400     24472.141730
  -1.800    0.600   -1.800    272531.887107
  -1.800    0.600   -1.200     19583.067646
  -1.800    0.600   -0.600      1067.489777
  -1.800    0.600   -0.000        89.495017
  -1.800    0.600    0.600         8.803789
  -1.800    0.600    1.200        45.956746
  -1.800    0.600    1.800       629.470528
  -1.800    0.600    2.400      8350.960250
  -1.800    1.200   -1.800    802574.564445
  -1.800    1.200   -1.200     31678.928144
  -1.800    1.200   -0.600       913.485124
  -1.800    1.200   -0.000        42.088104
  -1.800    1.200    0.600         1.014394
  -1.800    1.200    1.200        22.237383
  -1.800    1.200    1.800       291.920079
  -1.800    1.200    2.400      3116.293763
  -1.800    1.800   -1.800    102560.135148
  -1.800    1.800   -1.200      8620.977980
  -1.800    1.800   -0.600       396.583347
  -1.800    1.800   -0.000        19.381378
  -1.800    1.800    0.600        -1.814157
  -1.800    1.800    1.200         4.694725
  -1.800    1.800    1.800        70.436314
  -1.800    1.800    2.400       479.538126
  -1.800    2.400   -1.800      3118.144690
  -1.800    2.400   -1.200       721.803704
  -1.800    2.400   -0.600       116.578187
  -1.800    2.400   -0.000        27.771554
  -1.800    2.400    0.600         5.698407
  -1.800    2.400    1.200         0.590074
  -1.800    2.400    1.800         8.976808
  -1.800    2.400    2.400        51.075379
  -1.200   -1.800   -1.800    242952.163573
  -1.200   -1.800   -1.200    770196.073479
  -1.200   -1.800   -0.600     87691.320689
  -1.200   -1.800   -0.000      3310.230191
  -1.200   -1.800    0.600      3077.242781
  -1.200   -1.800    1.200     44236.973806
  -1.200   -1.800    1.800    118934.428560
  -1.200   -1.800    2.400     22276.517386
  -1.200   -1.200   -1.800  15329378.521982
  -1.200   -1.200   -1.200 203311577.232226
  -1.200   -1.200   -0.600   2336833.719311
  -1.200   -1.200   -0.000     15492.918044
  -1.200   -1.200    0.600       679.364187
  -1.200   -1.200    1.200      2351.066420
  -1.200   -1.200    1.800      4506.971971
  -1.200   -1.200    2.400      5943.303673
  -1.200   -0.600   -1.800  25073403.088212
  -1.200   -0.600   -1.200 107398390.120766
  -1.200   -0.600   -0.600   1711685.925887
  -1.200   -0.600   -0.000     13513.850769
  -1.200   -0.600    0.600       321.186016
  -1.200   -0.600    1.200       145.336292
  -1.200   -0.600    1.800       532.620707
  -1.200   -0.600    2.400      5253.678480
  -1.200   -0.000   -1.800 302053296.894922
  -1.200   -0.000   -1.200    713995.746074
  -1.200   -0.000   -0.600     54927.548149
  -1.200   -0.000   -0.000      2272.098327
  -1.200   -0.000    0.600       104.673379
  -1.200   -0.000    1.200        27.490988
  -1.200   -0.000    1.800       198.755872
  -1.200   -0.000    2.400      1699.294318
  -1.200    0.600   -1.800  46733640.986795
  -1.200    0.600   -1.200    298540.142034
  -1.200    0.600   -0.600      4963.817299
  -1.200    0.600   -0.000       295.208835
  -1.200    0.600    0.600        20.829240
  -1.200    0.600    1.200         8.425236
  -1.200    0.600    1.800        79.420432
  -1.200    0.600    2.400       474.659057
  -1.200    1.200   -1.800 6035656790.756062
  -1.200    1.200   -1.200   1124469.419335
  -1.200    1.200   -0.600      4808.084463
  -1.200    1.200   -0.000       118.196649
  -1.200    1.200    0.600         3.077513
  -1.200    1.200    1.200         1.128399
  -1.200    1.200    1.800        32.419241
  -1.200    1.200    2.400       178.997818
  -1.200    1.800   -1.800  12361271.333819
  -1.200    1.800   -1.200    130237.709729
  -1.200    1.800   -0.600      1746.577122
  -1.200    1.800   -0.000        52.307461
  -1.200    1.800    0.600        -1.534936
  -1.200    1.800    1.200        -2.686245
  -1.200    1.800    1.800         7.328497
  -1.200    1.800    2.400        46.023922
  -1.200    2.400   -1.800     28275.995364
  -1.200    2.400   -1.200      3553.087956
  -1.200    2.400   -0.600       238.143698
  -1.200    2.400   -0.000        20.654657
  -1.200    2.400    0.600         0.449756
  -1.200    2.400    1.200        -2.835264
  -1.200    2.400    1.800        -1.142734
  -1.200    2.400    2.400        12.746898
  -0.600   -1.800   -1.800   1567435.485178
  -0.600   -1.800   -1.200   8127427.719923
  -0.600   -1.800   -0.600    408175.813372
  -0.600   -1.800   -0.000      7382.213201
  -0.600   -1.800    0.600     32396.486925
  -0.600   -1.800    1.200   4160563.896393
  -0.600   -1.800    1.800  43578507.985578
  -0.600   -1.800    2.400    956989.841751
  -0.600   -1.200   -1.800 1488984098.186822
  -0.600   -1.200   -1.200 6501024351867.220703
  -0.600   -1.200   -0.600  45708736.881726
  -0.600   -1.200   -0.000     47259.490630
  -0.600   -1.200    0.600      2474.734175
  -0.600   -1.200    1.200     24838.952824
  -0.600   -1.200    1.800     60514.528906
  -0.600   -1.200    2.400     12943.010066
  -0.600   -0.600   -1.800 690272997.720005
  -0.600   -0.600   -1.200 342458470302.612732
  -0.600   -0.600   -0.600  27610338.415762
  -0.600   -0.600   -0.000     40036.931539
  -0.600   -0.600    0.600       607.057747
  -0.600   -0.600    1.200       444.513595
  -0.600   -0.600    1.800       695.816660
  -0.600   -0.600    2.400       523.735110
  -0.600   -0.000   -1.800 4698445563.399973
  -0.600   -0.000   -1.200   3502221.717117
  -0.600   -0.000   -0.600    211767.283421
  -0.600   -0.000   -0.000      4888.060084
  -0.600   -0.000    0.600       168.867194
  -0.600   -0.000    1.200        23.924850
  -0.600   -0.000    1.800        41.145306
  -0.600   -0.000    2.400       122.268987
  -0.600    0.600   -1.800 121777639.532608
  -0.600    0.600   -1.200    456931.239409
  -0.600    0.600   -0.600      7184.596247
  -0.600    0.600   -0.000       435.265561
  -0.600    0.600    0.600        29.036538
  -0.600    0.600    1.200         0.099830
  -0.600    0.600    1.800         6.770025
  -0.600    0.600    2.400        36.447892
  -0.600    1.200   -1.800 59237933377.310219
  -0.600    1.200   -1.200   1801907.181670
  -0.600    1.200   -0.600      5818.521383
  -0.600    1.200   -0.000       136.912241
  -0.600    1.200    0.600         3.690307
  -0.600    1.200    1.200        -3.629903
  -0.600    1.200    1.800        -0.440039
  -0.600    1.200    2.400        10.844982
  -0.600    1.800   -1.800  25352119.158374
  -0.600    1.800   -1.200    180406.198295
  -0.600    1.800   -0.600      2046.762750
  -0.600    1.800   -0.000        57.638200
  -0.600    1.800    0.600        -1.818049
  -0.600    1.800    1.200        -4.606058
  -0.600    1.800    1.800        -3.100776
  -0.600    1.800    2.400         3.745172
  -0.600    2.400   -1.800     36362.206230
  -0.600    2.400   -1.200      4231.221744
  -0.600    2.400   -0.600       253.448796
  -0.600    2.400   -0.000        14.927235
  -0.600    2.400    0.600        -2.352968
  -0.600    2.400    1.200        -4.296482
  -0.600    2.400    1.800        -3.350548
  -0.600    2.400    2.400        11.445425
  -0.000   -1.800   -1.800    242074.858533
  -0.000   -1.800   -1.200    770001.127133
  -0.000   -1.800   -0.600     87604.801783
  -0.000   -1.800   -0.000      3889.746823
  -0.000   -1.800    0.600     59365.988717
  -0.000   -1.800    1.200  16714211.072797
  -0.000   -1.800    1.800 389267696.593786
  -0.000   -1.800    2.400   2785172.565085
  -0.000   -1.200   -1.800  15263536.387185
  -0.000   -1.200   -1.200 203307838.928255
  -0.000   -1.200   -0.600   2336689.893948
  -0.000   -1.200   -0.000     15645.431752
  -0.000   -1.200    0.600      3358.019856
  -0.000   -1.200    1.200     44220.633559
  -0.000   -1.200    1.800    117343.796563
  -0.000   -1.200    2.400     21929.941029
  -0.000   -0.600   -1.800  11400749.085199
  -0.000   -0.600   -1.200 107322825.329363
  -0.000   -0.600   -0.600   1710813.549910
  -0.000   -0.600   -0.000     13517.051436
  -0.000   -0.600    0.600       461.141033
  -0.000   -0.600    1.200       662.391344
  -0.000   -0.600    1.800       991.477793
  -0.000   -0.600    2.400       468.705859
  -0.000   -0.000   -1.800   9148567.179560
  -0.000   -0.000   -1.200    452156.858547
  -0.000   -0.000   -0.600     53146.064120
  -0.000   -0.000   -0.000      2234.447282
  -0.000   -0.000    0.600       113.186564
  -0.000   -0.000    1.200        31.765702
  -0.000   -0.000    1.800        33.702084
  -0.000   -0.000    2.400        28.541307
  -0.000    0.600   -1.800   1320530.470189
  -0.000    0.600   -1.200     52088.413729
  -0.000    0.600   -0.600      2755.507638
  -0.000    0.600   -0.000       244.821044
  -0.000    0.600    0.600        18.376420
  -0.000    0.600    1.200        -1.252211
  -0.000    0.600    1.800        -1.753013
  -0.000    0.600    2.400         0.980558
  -0.000    1.200   -1.800   3409567.680140
  -0.000    1.200   -1.200     70723.287254
  -0.000    1.200   -0.600      1460.586478
  -0.000    1.200   -0.000        65.414841
  -0.000    1.200    0.600         0.315551
  -0.000    1.200    1.200        -4.717410
  -0.000    1.200    1.800        -4.609528
  -0.000    1.200    2.400        -3.013897
  -0.000    1.800   -1.800    276517.551990
  -0.000    1.800   -1.200     16350.833548
  -0.000    1.800   -0.600       585.410084
  -0.000    1.800   -0.000        25.582803
  -0.000    1.800    0.600        -3.207931
  -0.000    1.800    1.200        -5.087921
  -0.000    1.800    1.800        -4.670781
  -0.000    1.800    2.400        -1.015098
  -0.000    2.400   -1.800      5375.418614
  -0.000    2.400   -1.200      1069.283509
  -0.000    2.400   -0.600       112.339893
  -0.000    2.400   -0.000         8.531001
  -0.000    2.400    0.600        -3.369004
  -0.000    2.400    1.200        -4.845461
  -0.000    2.400    1.800        -3.946901
  -0.000    2.400    2.400         9.730542
   0.600   -1.800   -1.800      7139.308281
   0.600   -1.800   -1.200     12981.175725
   0.600   -1.800   -0.600      4056.126215
   0.600   -1.800   -0.000      2665.165145
   0.600   -1.800    0.600     31522.826470
   0.600   -1.800    1.200    686354.067331
   0.600   -1.800    1.800   3773342.167721
   0.600   -1.800    2.400    633028.872444
   0.600   -1.200   -1.800     50852.891009
   0.600   -1.200   -1.200    117107.877941
   0.600   -1.200   -0.600     22261.863143
   0.600   -1.200   -0.000      2103.720871
   0.600   -1.200    0.600      5413.157919
   0.600   -1.200    1.200     19178.265958
   0.600   -1.200    1.800     30019.960477
   0.600   -1.200    2.400     10724.778400
   0.600   -0.600   -1.800     57827.873657
   0.600   -0.600   -1.200     98425.904622
   0.600   -0.600   -0.600     19311.561985
   0.600   -0.600   -0.000      1334.275133
   0.600   -0.600    0.600       649.795690
   0.600   -0.600    1.200      1114.789309
   0.600   -0.600    1.800       992.311622
   0.600   -0.600    2.400       536.102178
   0.600   -0.000   -1.800     42188.109417
   0.600   -0.000   -1.200     12530.093457
   0.600   -0.000   -0.600      3075.378119
   0.600   -0.000   -0.000       357.619522
   0.600   -0.000    0.600        78.465024
   0.600   -0.000    1.200        80.109884
   0.600   -0.000    1.800        69.417909
   0.600   -0.000    2.400        85.209832
   0.600    0.600   -1.800     16790.799075
   0.600    0.600   -1.200      2965.021958
   0.600    0.600   -0.600       440.144931
   0.600    0.600   -0.000        62.286430
   0.600    0.600    0.600         7.442295
   0.600    0.600    1.200         2.149245
   0.600    0.600    1.800         2.457649
   0.600    0.600    2.400        12.344030
   0.600    1.200   -1.800     10102.611447
   0.600    1.200   -1.200      1829.568812
   0.600    1.200   -0.600       182.342486
   0.600    1.200   -0.000        16.437931
   0.600    1.200    0.600        -1.995533
   0.600    1.200    1.200        -4.514721
   0.600    1.200    1.800        -4.531859
   0.600    1.200    2.400        -2.539663
   0.600    1.800   -1.800      3260.609522
   0.600    1.800   -1.200       759.294709
   0.600    1.800   -0.600       102.685557
   0.600    1.800   -0.000        11.831405
   0.600    1.800    0.600        -2.012327
   0.600    1.800    1.200        -4.689862
   0.600    1.800    1.800        -4.963565
   0.600    1.800    2.400        -2.964261
   0.600    2.400   -1.800      1172.010373
   0.600    2.400   -1.200       687.385183
   0.600    2.400   -0.600       196.875678
   0.600    2.400   -0.000        32.902722
   0.600    2.400    0.600         1.012597
   0.600    2.400    1.200        -4.274162
   0.600    2.400    1.800        -4.437484
   0.600    2.400    2.400         2.800210
   1.200   -1.800   -1.800       439.067098
   1.200   -1.800   -1.200       415.471857
   1.200   -1.800   -0.600      1177.731957
   1.200   -1.800   -0.000     36475.003138
   1.200   -1.800    0.600   1753774.360850
   1.200   -1.800    1.200  11137990.856624
   1.200   -1.800    1.800   5515855.342534
   1.200   -1.800    2.400    893225.997305
   1.200   -1.200   -1.800       843.039256
   1.200   -1.200   -1.200      1116.284384
   1.200   -1.200   -0.600       916.457975
   1.200   -1.200   -0.000      9595.127124
   1.200   -1.200    0.600    169597.109395
   1.200   -1.200    1.200    547446.442522
   1.200   -1.200    1.800    118938.742578
   1.200   -1.200    2.400     14303.359505
   1.200   -0.600   -1.800      1074.295765
   1.200   -0.600   -1.200      1086.879237
   1.200   -0.600   -0.600       534.639256
   1.200   -0.600   -0.000      1000.533358
   1.200   -0.600    0.600      5676.670507
   1.200   -0.600    1.200     10831.133614
   1.200   -0.600    1.800      4706.029072
   1.200   -0.600    2.400      2579.663603
   1.200   -0.000   -1.800       891.964688
   1.200   -0.000   -1.200       459.241085
   1.200   -0.000   -0.600       178.356131
   1.200   -0.000   -0.000       106.523824
   1.200   -0.000    0.600       244.864501
   1.200   -0.000    1.200       364.860064
   1.200   -0.000    1.800       275.830003
   1.200   -0.000    2.400       764.572547
   1.200    0.600   -1.800       511.738318
   1.200    0.600   -1.200       188.368530
   1.200    0.600   -0.600        56.661525
   1.200    0.600   -0.000        21.438081
   1.200    0.600    0.600        16.554057
   1.200    0.600    1.200        18.122479
   1.200    0.600    1.800        24.371836
   1.200    0.600    2.400       113.936820
   1.200    1.200   -1.800       322.911693
   1.200    1.200   -1.200       132.936063
   1.200    1.200   -0.600        62.485434
   1.200    1.200   -0.000        37.563122
   1.200    1.200    0.600        14.273667
   1.200    1.200    1.200         0.918898
   1.200    1.200    1.800        -1.369173
   1.200    1.200    2.400         7.564303
   1.200    1.800   -1.800       678.937061
   1.200    1.800   -1.200       453.506356
   1.200    1.800   -0.600       208.091677
   1.200    1.800   -0.000        90.562073
   1.200    1.800    0.600        29.748624
   1.200    1.800    1.200         2.836988
   1.200    1.800    1.800        -3.855659
   1.200    1.800    2.400        -3.524221
   1.200    2.400   -1.800     12229.743916
   1.200    2.400   -1.200      8284.015556
   1.200    2.400   -0.600      1622.891890
   1.200    2.400   -0.000       229.977335
   1.200    2.400    0.600        38.903513
   1.200    2.400    1.200         3.117149
   1.200    2.400    1.800        -3.675435
   1.200    2.400    2.400        -2.271084
   1.800   -1.800   -1.800      1745.590242
   1.800   -1.800   -1.200       236.083372
   1.800   -1.800   -0.600      3426.438169
   1.800   -1.800   -0.000    421189.083592
   1.800   -1.800    0.600 817055567.699198
   1.800   -1.800    1.200 1902659823605.539307
   1.800   -1.800    1.800 132178719.221421
   1.800   -1.800    2.400    233764.995446
   1.800   -1.200   -1.800       241.078604
   1.800   -1.200   -1.200       114.813484
   1.800   -1.200   -0.600      1346.925769
   1.800   -1.200   -0.000     62217.894316
   1.800   -1.200    0.600   5181508.756988
   1.800   -1.200    1.200  48897038.191820
   1.800   -1.200    1.800   2218555.614579
   1.800   -1.200    2.400     50318.517490
   1.800   -0.600   -1.800        64.012045
   1.800   -0.600   -1.200        55.424701
   1.800   -0.600   -0.600       238.392479
   1.800   -0.600   -0.000      3120.002301
   1.800   -0.600    0.600     30981.593755
   1.800   -0.600    1.200     73344.349569
   1.800   -0.600    1.800     23081.156600
   1.800   -0.600    2.400     23725.362920
   1.800   -0.000   -1.800        42.520510
   1.800   -0.000   -1.200        31.157684
   1.800   -0.000   -0.600        47.128159
   1.800   -0.000   -0.000       180.597219
   1.800   -0.000    0.600       647.614795
   1.800   -0.000    1.200      1048.971839
   1.800   -0.000    1.800       909.911135
   1.800   -0.000    2.400      5649.068372
   1.800    0.600   -1.800        52.190630
   1.800    0.600   -1.200        68.110487
   1.800    0.600   -0.600       135.434614
   1.800    0.600   -0.000       152.175262
   1.800    0.600    0.600        89.793271
   1.800    0.600    1.200        57.898694
   1.800    0.600    1.800        87.827894
   1.800    0.600    2.400       531.685586
   1.800    1.200   -1.800       213.333785
   1.800    1.200   -1.200       374.947046
   1.800    1.200   -0.600       853.694400
   1.800    1.200   -0.000       929.378667
   1.800    1.200    0.600       326.885317
   1.800    1.200    1.200        53.390314
   1.800    1.200    1.800        10.874572
   1.800    1.200    2.400        36.619785
   1.800    1.800   -1.800      2221.994444
   1.800    1.800   -1.200      2615.890391
   1.800    1.800   -0.600      2816.161995
   1.800    1.800   -0.000      2499.417259
   1.800    1.800    0.600       735.868962
   1.800    1.800    1.200        96.697798
   1.800    1.800    1.800         5.834894
   1.800    1.800    2.400        -1.470931
   1.800    2.400   -1.800    110592.097466
   1.800    2.400   -1.200     69557.460489
   1.800    2.400   -0.600     10852.350147
   1.800    2.400   -0.000      2393.023623
   1.800    2.400    0.600       567.124542
   1.800    2.400    1.200        77.380477
   1.800    2.400    1.800         4.740883
   1.800    2.400    2.400        -2.921621
   2.400   -1.800   -1.800      9211.302793
   2.400   -1.800   -1.200       475.760301
   2.400   -1.800   -0.600      3379.885376
   2.400   -1.800   -0.000    408435.154365
   2.400   -1.800    0.600 733865691.508776
   2.400   -1.800    1.200 1298511162843.477051
   2.400   -1.800    1.800 126734778.479810
   2.400   -1.800    2.400   1806949.863225
   2.400   -1.200   -1.800       734.739507
   2.400   -1.200   -1.200       135.797534
   2.400   -1.200   -0.600      1319.800993
   2.400   -1.200   -0.000     60893.579803
   2.400   -1.200    0.600   4948443.789874
   2.400   -1.200    1.200  45794167.918070
   2.400   -1.200    1.800   3234661.463602
   2.400   -1.200    2.400   1252204.940003
   2.400   -0.600   -1.800        74.125401
   2.400   -0.600   -1.200        32.414571
   2.400   -0.600   -0.600       226.197824
   2.400   -0.600   -0.000      3100.559387
   2.400   -0.600    0.600     30750.175498
   2.400   -0.600    1.200     76726.015159
   2.400   -0.600    1.800     52033.182841
   2.400   -0.600    2.400    375213.377225
   2.400   -0.000   -1.800        17.712340
   2.400   -0.000   -1.200        42.978619
   2.400   -0.000   -0.600       122.155975
   2.400   -0.000   -0.000       275.855248
   2.400   -0.000    0.600       725.159348
   2.400   -0.000    1.200      1324.698556
   2.400   -0.000    1.800      2673.220465
   2.400   -0.000    2.400     25893.192170
   2.400    0.600   -1.800        97.429917
   2.400    0.600   -1.200       481.809012
   2.400    0.600   -0.600      1847.324167
   2.400    0.600   -0.000      2225.764718
   2.400    0.600    0.600       729.201868
   2.400    0.600    1.200       168.433716
   2.400    0.600    1.800       236.127867
   2.400    0.600    2.400      1360.561523
   2.400    1.200   -1.800       905.859380
   2.400    1.200   -1.200      5110.177783
   2.400    1.200   -0.600     38405.502796
   2.400    1.200   -0.000     52656.564934
   2.400    1.200    0.600      8332.068671
   2.400    1.200    1.200       553.853272
   2.400    1.200    1.800        52.422092
   2.400    1.200    2.400        80.378328
   2.400    1.800   -1.800     14091.544508
   2.400    1.800   -1.200     43882.153431
   2.400    1.800   -0.600    255312.560571
   2.400    1.800   -0.000    384155.073326
   2.400    1.800    0.600     33629.346116
   2.400    1.800    1.200      1291.307303
   2.400    1.800    1.800        59.274532
   2.400    1.800    2.400         4.293542
   2.400    2.400   -1.800    335608.505689
   2.400    2.400   -1.200    968946.503362
   2.400    2.400   -0.600    285115.480671
   2.400    2.400   -0.000    146153.449421
   2.400    2.400    0.600     16987.219020
   2.400    2.400    1.200       863.164444
   2.400    2.400    1.800        47.399091
   2.400    2.400    2.400         1.391564
