  -1.800   -1.800   -1.800     25965.257561
  -1.800   -1.800   -1.200     44987.524405
  -1.800   -1.800   -0.600     15149.442995
  -1.800   -1.800   -0.000      4267.553746
  -1.800   -1.800    0.600      2750.766910
  -1.800   -1.800    1.200      3471.210445
  -1.800   -1.800    1.800      6571.126501
  -1.800   -1.800    2.400     40926.930645
  -1.800   -1.200   -1.800    191691.274910
  -1.800   -1.200   -1.200    395857.977023
  -1.800   -1.200   -0.600     74936.754822
  -1.800   -1.200   -0.000      4590.738048
  -1.800   -1.200    0.600       518.178693
  -1.800   -1.200    1.200       866.206488
  -1.800   -1.200    1.800      8167.889552
  -1.800   -1.200    2.400    366636.324517
  -1.800   -0.600   -1.800    608347.261628
  -1.800   -0.600   -1.200    352439.818534
  -1.800   -0.600   -0.600     65778.609205
  -1.800   -0.600   -0.000      4104.128846
  -1.800   -0.600    0.600       296.995878
  -1.800   -0.600    1.200       437.100457
  -1.800   -0.600    1.800      8699.467272
  -1.800   -0.600    2.400    463877.714513
  -1.800   -0.000   -1.800   1603049.936030
  -1.800   -0.000   -1.200     92957.469796
  -1.800   -0.000   -0.600     12049.368402
  -1.800   -0.000   -0.000      1260.167471
  -1.800   -0.000    0.600       132.601175
  -1.800   -0.000    1.200       263.358420
  -1.800   -0.000    1.800      3786.734885
  -1.800   -0.000    2.400     75299.349237
  -1.800    0.600   -1.800    920007.578320
  -1.800    0.600   -1.200     66332.435002
  -1.800    0.600   -0.600      3651.305041
  -1.800    0.600   -0.000       331.040236
  -1.800    0.600    0.600        48.073841
  -1.800    0.600    1.200       163.046401
  -1.800    0.600    1.800      1980.012208
  -1.800    0.600    2.400     25759.683002
  -1.800    1.200   -1.800   2855501.294482
  -1.800    1.200   -1.200    112638.658048
  -1.800    1.200   -0.600      3274.671235
  -1.800    1.200   -0.000       171.378029
  -1.800    1.200    0.600        19.162543
  -1.800    1.200    1.200        85.020170
  -1.800    1.200    1.800       928.100967
  -1.800    1.200    2.400      9640.899274
  -1.800    1.800   -1.800    365459.984712
  -1.800    1.800   -1.200     30818.670755
  -1.800    1.800   -0.600      1454.138150
  -1.800    1.800   -0.000        90.357788
  -1.800    1.800    0.600         8.870830
  -1.800    1.800    1.200        28.206487
  -1.800    1.800    1.800       236.471433
  -1.800    1.800    2.400      1508.970066
  -1.800    2.400   -1.800     11195.988745
  -1.800    2.400   -1.200      2612.889240
  -1.800    2.400   -0.600       431.460084
  -1.800    2.400   -0.000       113.607114
  -1.800    2.400    0.600        36.268512
  -1.800    2.400    1.200        17.309520
  -1.800    2.400    1.800        43.693531
  -1.800    2.400    2.400       178.229799
  -1.200   -1.800   -1.800    814756.861016
  -1.200   -1.800   -1.200   2583244.419888
  -1.200   -1.800   -0.600    294436.961956
  -1.200   -1.800   -0.000     11294.503704
  -1.200   -1.800    0.600     11058.878061
  -1.200   -1.800    1.200    157801.610502
  -1.200   -1.800    1.800    423820.136500
  -1.200   -1.800    2.400     79022.958835
  -1.200   -1.200   -1.800  51369824.030824
  -1.200   -1.200   -1.200 681619093.007183
  -1.200   -1.200   -0.600   7836294.063578
  -1.200   -1.200   -0.000     52150.236344
  -1.200   -1.200    0.600      2429.417260
  -1.200   -1.200    1.200      8457.303314
  -1.200   -1.200    1.800     16015.205087
  -1.200   -1.200    2.400     19102.046637
  -1.200   -0.600   -1.800  79749259.620042
  -1.200   -0.600   -1.200 360036042.908221
  -1.200   -0.600   -0.600   5739792.070869
  -1.200   -0.600   -0.000     45478.678981
  -1.200   -0.600    0.600      1132.943710
  -1.200   -0.600    1.200       544.239973
  -1.200   -0.600    1.800      1769.713525
  -1.200   -0.600    2.400     16272.124780
  -1.200   -0.000   -1.800 926289134.816674
  -1.200   -0.000   -1.200   2298137.777122
  -1.200   -0.000   -0.600    183706.816406
  -1.200   -0.000   -0.000      7688.656970
  -1.200   -0.000    0.600       383.454371
  -1.200   -0.000    1.200       114.150519
  -1.200   -0.000    1.800       650.968202
  -1.200   -0.000    2.400      5290.542921
  -1.200    0.600   -1.800 163003863.042372
  -1.200    0.600   -1.200   1025480.817637
  -1.200    0.600   -0.600     16838.820226
  -1.200    0.600   -0.000      1035.011811
  -1.200    0.600    0.600        91.971550
  -1.200    0.600    1.200        44.146497
  -1.200    0.600    1.800       269.310319
  -1.200    0.600    2.400      1502.757737
  -1.200    1.200   -1.800 21482632448.427410
  -1.200    1.200   -1.200   4001919.243927
  -1.200    1.200   -0.600     17112.064233
  -1.200    1.200   -0.000       444.754981
  -1.200    1.200    0.600        27.988331
  -1.200    1.200    1.200        17.133916
  -1.200    1.200    1.800       117.537651
  -1.200    1.200    2.400       578.865703
  -1.200    1.800   -1.800  44002361.188751
  -1.200    1.800   -1.200    464052.052778
  -1.200    1.800   -0.600      6288.123244
  -1.200    1.800   -0.000       212.028096
  -1.200    1.800    0.600        10.614943
  -1.200    1.800    1.200         3.614320
  -1.200    1.800    1.800        36.367631
  -1.200    1.800    2.400       161.282930
  -1.200    2.400   -1.800    100920.236335
  -1.200    2.400   -1.200     12754.460426
  -1.200    2.400   -0.600       886.051973
  -1.200    2.400   -0.000        95.125043
  -1.200    2.400    0.600        18.453865
  -1.200    2.400    1.200         4.723281
  -1.200    2.400    1.800         9.918756
  -1.200    2.400    2.400        56.543121
  -0.600   -1.800   -1.800   5255994.221008
  -0.600   -1.800   -1.200  27251054.444889
  -0.600   -1.800   -0.600   1369328.188029
  -0.600   -1.800   -0.000     25042.812875
  -0.600   -1.800    0.600    115518.353518
  -0.600   -1.800    1.200  14811452.847170
  -0.600   -1.800    1.800 155117455.500685
  -0.600   -1.800    2.400   3407237.625329
  -0.600   -1.200   -1.800 4991815761.966446
  -0.600   -1.200   -1.200 21794656250284.160156
  -0.600   -1.200   -0.600 153247659.700107
  -0.600   -1.200   -0.000    158794.492353
  -0.600   -1.200    0.600      8802.783603
  -0.600   -1.200    1.200     88630.177027
  -0.600   -1.200    1.800    215704.867646
  -0.600   -1.200    2.400     46127.783291
  -0.600   -0.600   -1.800 2294582734.614544
  -0.600   -0.600   -1.200 1148091123588.876953
  -0.600   -0.600   -0.600  92570220.233478
  -0.600   -0.600   -0.000    134514.631115
  -0.600   -0.600    0.600      2118.359078
  -0.600   -0.600    1.200      1629.244766
  -0.600   -0.600    1.800      2517.522999
  -0.600   -0.600    2.400      1813.566320
  -0.600   -0.000   -1.800 14407358506.494022
  -0.600   -0.000   -1.200  11535932.588704
  -0.600   -0.000   -0.600    709477.656757
  -0.600   -0.000   -0.000     16486.655455
  -0.600   -0.000    0.600       604.591276
  -0.600   -0.000    1.200       108.803689
  -0.600   -0.000    1.800       163.925529
  -0.600   -0.000    2.400       415.625698
  -0.600    0.600   -1.800 421155347.281117
  -0.600    0.600   -1.200   1558934.142063
  -0.600    0.600   -0.600     24247.403292
  -0.600    0.600   -0.000      1509.689285
  -0.600    0.600    0.600       121.176878
  -0.600    0.600    1.200        17.361532
  -0.600    0.600    1.800        38.452523
  -0.600    0.600    2.400       134.464080
  -0.600    1.200   -1.800 210844135606.301880
  -0.600    1.200   -1.200   6412637.532688
  -0.600    1.200   -0.600     20682.786908
  -0.600    1.200   -0.000       511.071710
  -0.600    1.200    0.600        30.565767
  -0.600    1.200    1.200         1.077741
  -0.600    1.200    1.800        11.394350
  -0.600    1.200    2.400        49.608965
  -0.600    1.800   -1.800  90242603.954202
  -0.600    1.800   -1.200    642693.353816
  -0.600    1.800   -0.600      7360.542062
  -0.600    1.800   -0.000       231.897742
  -0.600    1.800    0.600         9.653889
  -0.600    1.800    1.200        -3.390371
  -0.600    1.800    1.800         1.527568
  -0.600    1.800    2.400        25.749538
  -0.600    2.400   -1.800    129738.755274
  -0.600    2.400   -1.200     15180.914563
  -0.600    2.400   -0.600       945.763187
  -0.600    2.400   -0.000        76.402905
  -0.600    2.400    0.600         8.227968
  -0.600    2.400    1.200        -1.297083
  -0.600    2.400    1.800         1.479067
  -0.600    2.400    2.400        50.922244
  -0.000   -1.800   -1.800    812036.859312
  -0.000   -1.800   -1.200   2582623.219927
  -0.000   -1.800   -0.600    294134.400723
  -0.000   -1.800   -0.000     13286.776548
  -0.000   -1.800    0.600    210687.813325
  -0.000   -1.800    1.200  59486592.147740
  -0.000   -1.800    1.800 1385506589.836703
  -0.000   -1.800    2.400   9902025.544081
  -0.000   -1.200   -1.800  51167742.429020
  -0.000   -1.200   -1.200 681607589.810452
  -0.000   -1.200   -0.600   7835847.868910
  -0.000   -1.200   -0.000     52675.829112
  -0.000   -1.200    0.600     11866.159108
  -0.000   -1.200    1.200    157186.343683
  -0.000   -1.200    1.800    417201.303682
  -0.000   -1.200    2.400     77724.625544
  -0.000   -0.600   -1.800  37820755.917796
  -0.000   -0.600   -1.200 359804094.498623
  -0.000   -0.600   -0.600   5737095.921655
  -0.000   -0.600   -0.000     45496.814153
  -0.000   -0.600    0.600      1620.852773
  -0.000   -0.600    1.200      2374.632139
  -0.000   -0.600    1.800      3548.462299
  -0.000   -0.600    2.400      1691.194022
  -0.000   -0.000   -1.800  28098664.332858
  -0.000   -0.000   -1.200   1492544.855375
  -0.000   -0.000   -0.600    178124.629050
  -0.000   -0.000   -0.000      7568.567020
  -0.000   -0.000    0.600       414.901399
  -0.000   -0.000    1.200       135.789048
  -0.000   -0.000    1.800       143.695179
  -0.000   -0.000    2.400       125.496700
  -0.000    0.600   -1.800   4298525.780439
  -0.000    0.600   -1.200    172690.685980
  -0.000    0.600   -0.600      9279.167826
  -0.000    0.600   -0.000       862.047229
  -0.000    0.600    0.600        84.260926
  -0.000    0.600    1.200        13.062038
  -0.000    0.600    1.800        11.027914
  -0.000    0.600    2.400        21.631683
  -0.000    1.200   -1.800  12130204.146059
  -0.000    1.200   -1.200    251148.046180
  -0.000    1.200   -0.600      5197.487997
  -0.000    1.200   -0.000       256.032359
  -0.000    1.200    0.600        18.434399
  -0.000    1.200    1.200        -2.630754
  -0.000    1.200    1.800        -2.708716
  -0.000    1.200    2.400         4.005754
  -0.000    1.800   -1.800    984833.157937
  -0.000    1.800   -1.200     58363.212461
  -0.000    1.800   -0.600      2132.774310
  -0.000    1.800   -0.000       115.121304
  -0.000    1.800    0.600         4.530846
  -0.000    1.800    1.200        -5.165716
  -0.000    1.800    1.800        -4.205574
  -0.000    1.800    2.400         9.222621
  -0.000    2.400   -1.800     19249.773816
  -0.000    2.400   -1.200      3864.752106
  -0.000    2.400   -0.600       430.757497
  -0.000    2.400   -0.000        51.558854
  -0.000    2.400    0.600         4.171034
  -0.000    2.400    1.200        -3.690638
  -0.000    2.400    1.800        -1.228727
  -0.000    2.400    2.400        44.404375
   0.600   -1.800   -1.800     24036.682109
   0.600   -1.800   -1.200     43689.547206
   0.600   -1.800   -0.600     13681.235293
   0.600   -1.800   -0.000      8563.589458
   0.600   -1.800    0.600    101683.830464
   0.600   -1.800    1.200   2277767.189402
   0.600   -1.800    1.800  12302718.725564
   0.600   -1.800    2.400   2004890.563493
   0.600   -1.200   -1.800    170308.285245
   0.600   -1.200   -1.200    393003.744002
   0.600   -1.200   -0.600     74841.047867
   0.600   -1.200   -0.000      6967.912063
   0.600   -1.200    0.600     17209.958281
   0.600   -1.200    1.200     62859.752103
   0.600   -1.200    1.800    100127.084017
   0.600   -1.200    2.400     35302.835859
   0.600   -0.600   -1.800    189654.489171
   0.600   -0.600   -1.200    329891.169319
   0.600   -0.600   -0.600     64919.177762
   0.600   -0.600   -0.000      4517.865738
   0.600   -0.600    0.600      2110.196124
   0.600   -0.600    1.200      3615.193900
   0.600   -0.600    1.800      3299.892055
   0.600   -0.600    2.400      1850.881580
   0.600   -0.000   -1.800    131382.904474
   0.600   -0.000   -1.200     41227.311945
   0.600   -0.000   -0.600     10358.066109
   0.600   -0.000   -0.000      1241.421295
   0.600   -0.000    0.600       284.630282
   0.600   -0.000    1.200       284.857836
   0.600   -0.000    1.800       257.469499
   0.600   -0.000    2.400       330.757083
   0.600    0.600   -1.800     53816.008226
   0.600    0.600   -1.200      9761.274859
   0.600    0.600   -0.600      1513.750809
   0.600    0.600   -0.000       239.164955
   0.600    0.600    0.600        45.725593
   0.600    0.600    1.200        25.033418
   0.600    0.600    1.800        27.285973
   0.600    0.600    2.400        66.407807
   0.600    1.200   -1.800     35518.778835
   0.600    1.200   -1.200      6463.085002
   0.600    1.200   -0.600       672.361567
   0.600    1.200   -0.000        81.382634
   0.600    1.200    0.600        10.746082
   0.600    1.200    1.200        -0.844407
   0.600    1.200    1.800        -1.258044
   0.600    1.200    2.400         7.326009
   0.600    1.800   -1.800     11647.340784
   0.600    1.800   -1.200      2735.037389
   0.600    1.800   -0.600       390.777520
   0.600    1.800   -0.000        63.046731
   0.600    1.800    0.600         9.555502
   0.600    1.800    1.200        -2.723521
   0.600    1.800    1.800        -4.597534
   0.600    1.800    2.400         2.999357
   0.600    2.400   -1.800      3878.299921
   0.600    2.400   -1.200      2235.628921
   0.600    2.400   -0.600       656.579434
   0.600    2.400   -0.000       127.834971
   0.600    2.400    0.600        19.745864
   0.600    2.400    1.200        -0.984089
   0.600    2.400    1.800        -2.674951
   0.600    2.400    2.400        21.847083
   1.200   -1.800   -1.800      1473.155964
   1.200   -1.800   -1.200      1428.410743
   1.200   -1.800   -0.600      3741.114505
   1.200   -1.800   -0.000    112166.192418
   1.200   -1.800    0.600   5379728.515841
   1.200   -1.800    1.200  34159862.050952
   1.200   -1.800    1.800  16921410.973168
   1.200   -1.800    2.400   2741814.559398
   1.200   -1.200   -1.800      2856.070090
   1.200   -1.200   -1.200      3798.289902
   1.200   -1.200   -0.600      3018.096154
   1.200   -1.200   -0.000     29613.430229
   1.200   -1.200    0.600    520667.446054
   1.200   -1.200    1.200   1679954.477786
   1.200   -1.200    1.800    365770.214265
   1.200   -1.200    2.400     44810.650066
   1.200   -0.600   -1.800      3560.805536
   1.200   -0.600   -1.200      3684.535431
   1.200   -0.600   -0.600      1822.304854
   1.200   -0.600   -0.000      3162.073315
   1.200   -0.600    0.600     17542.563357
   1.200   -0.600    1.200     33413.562686
   1.200   -0.600    1.800     14651.196470
   1.200   -0.600    2.400      8831.448184
   1.200   -0.000   -1.800      2883.873563
   1.200   -0.000   -1.200      1553.976807
   1.200   -0.000   -0.600       632.621521
   1.200   -0.000   -0.000       373.767103
   1.200   -0.000    0.600       794.827807
   1.200   -0.000    1.200      1171.230007
   1.200   -0.000    1.800       921.409858
   1.200   -0.000    2.400      2733.781527
   1.200    0.600   -1.800      1701.622549
   1.200    0.600   -1.200       660.489173
   1.200    0.600   -0.600       222.926716
   1.200    0.600   -0.000        98.488617
   1.200    0.600    0.600        76.467149
   1.200    0.600    1.200        79.789270
   1.200    0.600    1.800       105.747434
   1.200    0.600    2.400       434.182176
   1.200    1.200   -1.800      1149.297248
   1.200    1.200   -1.200       491.952942
   1.200    1.200   -0.600       244.130115
   1.200    1.200   -0.000       154.011900
   1.200    1.200    0.600        69.927539
   1.200    1.200    1.200        21.083520
   1.200    1.200    1.800        12.751672
   1.200    1.200    2.400        46.895707
   1.200    1.800   -1.800      2238.148678
   1.200    1.800   -1.200      1483.309492
   1.200    1.800   -0.600       706.394965
   1.200    1.800   -0.000       329.358796
   1.200    1.800    0.600       122.385248
   1.200    1.800    1.200        26.572701
   1.200    1.800    1.800         1.422685
   1.200    1.800    2.400         2.807842
   1.200    2.400   -1.800     37738.560235
   1.200    2.400   -1.200     25571.746995
   1.200    2.400   -0.600      5074.695422
   1.200    2.400   -0.000       762.464647
   1.200    2.400    0.600       150.915917
   1.200    2.400    1.200        27.378379
   1.200    2.400    1.800         1.595056
   1.200    2.400    2.400         5.946840
   1.800   -1.800   -1.800      5430.553147
   1.800   -1.800   -1.200       775.033993
   1.800   -1.800   -0.600     10608.187019
   1.800   -1.800   -0.000   1292340.513521
   1.800   -1.800    0.600 2505405792.992014
   1.800   -1.800    1.200 5834206396407.175781
   1.800   -1.800    1.800 405323036.023207
   1.800   -1.800    2.400    720460.634571
   1.800   -1.200   -1.800       792.111076
   1.800   -1.200   -1.200       401.274744
   1.800   -1.200   -0.600      4206.345971
   1.800   -1.200   -0.000    191120.920083
   1.800   -1.200    0.600  15891130.306898
   1.800   -1.200    1.200 149944080.869347
   1.800   -1.200    1.800   6806806.058482
   1.800   -1.200    2.400    159590.121974
   1.800   -0.600   -1.800       240.321036
   1.800   -0.600   -1.200       213.517380
   1.800   -0.600   -0.600       780.129259
   1.800   -0.600   -0.000      9664.327373
   1.800   -0.600    0.600     95267.445659
   1.800   -0.600    1.200    225396.614237
   1.800   -0.600    1.800     71446.455004
   1.800   -0.600    2.400     80704.884006
   1.800   -0.000   -1.800       171.762258
   1.800   -0.000   -1.200       134.874809
   1.800   -0.000   -0.600       184.691367
   1.800   -0.000   -0.000       600.310137
   1.800   -0.000    0.600      2048.462950
   1.800   -0.000    1.200      3304.852603
   1.800   -0.000    1.800      2961.032906
   1.800   -0.000    2.400     19654.635149
   1.800    0.600   -1.800       210.994653
   1.800    0.600   -1.200       264.393384
   1.800    0.600   -0.600       492.622473
   1.800    0.600   -0.000       546.702637
   1.800    0.600    0.600       329.053421
   1.800    0.600    1.200       216.697331
   1.800    0.600    1.800       323.351903
   1.800    0.600    2.400      1892.445451
   1.800    1.200   -1.800       737.758786
   1.800    1.200   -1.200      1277.378178
   1.800    1.200   -0.600      2908.029016
   1.800    1.200   -0.000      3173.975709
   1.800    1.200    0.600      1138.673922
   1.800    1.200    1.200       206.817554
   1.800    1.200    1.800        59.654179
   1.800    1.200    2.400       153.017402
   1.800    1.800   -1.800      6976.137646
   1.800    1.800   -1.200      8282.715853
   1.800    1.800   -0.600      9305.628892
   1.800    1.800   -0.000      8427.779067
   1.800    1.800    0.600      2518.326189
   1.800    1.800    1.200       353.456153
   1.800    1.800    1.800        38.999829
   1.800    1.800    2.400        12.800972
   1.800    2.400   -1.800    339675.519541
   1.800    2.400   -1.200    213828.341740
   1.800    2.400   -0.600     33852.966151
   1.800    2.400   -0.000      7871.904321
   1.800    2.400    0.600      1935.726284
   1.800    2.400    1.200       286.626103
   1.800    2.400    1.800        34.060389
   1.800    2.400    2.400         5.618236
   2.400   -1.800   -1.800     28391.872288
   2.400   -1.800   -1.200      1515.493103
   2.400   -1.800   -0.600     10463.618460
   2.400   -1.800   -0.000   1253247.986042
   2.400   -1.800    0.600 2250316550.762609
   2.400   -1.800    1.200 3981680071383.291016
   2.400   -1.800    1.800 390023025.538624
   2.400   -1.800    2.400   5993542.562094
   2.400   -1.200   -1.800      2313.954924
   2.400   -1.200   -1.200       457.568200
   2.400   -1.200   -0.600      4117.685965
   2.400   -1.200   -0.000    187081.126693
   2.400   -1.200    0.600  15177107.910924
   2.400   -1.200    1.200 140453886.120266
   2.400   -1.200    1.800  10237232.194750
   2.400   -1.200    2.400   3976030.636075
   2.400   -0.600   -1.800       263.446431
   2.400   -0.600   -1.200       132.342065
   2.400   -0.600   -0.600       739.036061
   2.400   -0.600   -0.000      9615.496770
   2.400   -0.600    0.600     94684.161402
   2.400   -0.600    1.200    237232.210642
   2.400   -0.600    1.800    166734.868010
   2.400   -0.600    2.400   1169547.971410
   2.400   -0.000   -1.800        89.463247
   2.400   -0.000   -1.200       176.343061
   2.400   -0.000   -0.600       441.858523
   2.400   -0.000   -0.000       928.824352
   2.400   -0.000    0.600      2320.745933
   2.400   -0.000    1.200      4233.627439
   2.400   -0.000    1.800      8583.402997
   2.400   -0.000    2.400     83428.164453
   2.400    0.600   -1.800       361.634331
   2.400    0.600   -1.200      1660.243114
   2.400    0.600   -0.600      6265.184221
   2.400    0.600   -0.000      7540.793131
   2.400    0.600    0.600      2497.868845
   2.400    0.600    1.200       598.036918
   2.400    0.600    1.800       805.874717
   2.400    0.600    2.400      4552.055908
   2.400    1.200   -1.800      2947.269997
   2.400    1.200   -1.200     17002.844158
   2.400    1.200   -0.600    128906.050103
   2.400    1.200   -0.000    176830.621586
   2.400    1.200    0.600     28071.488909
   2.400    1.200    1.200      1908.650663
   2.400    1.200    1.800       206.147921
   2.400    1.200    2.400       300.817618
   2.400    1.800   -1.800     43628.799474
   2.400    1.800   -1.200    139002.627841
   2.400    1.800   -0.600    853480.515908
   2.400    1.800   -0.000   1288403.789899
   2.400    1.800    0.600    112988.986235
   2.400    1.800    1.200      4395.498165
   2.400    1.800    1.800       227.398437
   2.400    1.800    2.400        36.121712
   2.400    2.400   -1.800   1030279.411512
   2.400    2.400   -1.200   2974907.160074
   2.400    2.400   -0.600    902145.228251
   2.400    2.400   -0.000    488150.538515
   2.400    2.400    0.600     57057.911950
   2.400    2.400    1.200      2949.344615
   2.400    2.400    1.800       185.003838
   2.400    2.400    2.400        23.203965
