  -1.800   -1.800   -1.800         1.195896
  -1.800   -1.800   -1.200         0.081283
  -1.800   -1.800   -0.600         1.284186
  -1.800   -1.800   -0.000         3.570167
  -1.800   -1.800    0.600         6.069345
  -1.800   -1.800    1.200         4.378629
  -1.800   -1.800    1.800         0.314092
  -1.800   -1.800    2.400        -0.994567
  -1.800   -1.200   -1.800        -2.507030
  -1.800   -1.200   -1.200        -5.014244
  -1.800   -1.200   -0.600        -0.140657
  -1.800   -1.200   -0.000         3.369117
  -1.800   -1.200    0.600         2.979742
  -1.800   -1.200    1.200         1.359091
  -1.800   -1.200    1.800        -0.089661
  -1.800   -1.200    2.400        -0.460220
  -1.800   -0.600   -1.800        -1.081797
  -1.800   -0.600   -1.200        -4.872320
  -1.800   -0.600   -0.600         0.549728
  -1.800   -0.600   -0.000         3.958504
  -1.800   -0.600    0.600         2.702610
  -1.800   -0.600    1.200         1.156142
  -1.800   -0.600    1.800         0.269192
  -1.800   -0.600    2.400         0.073398
  -1.800   -0.000   -1.800         0.644134
  -1.800   -0.000   -1.200        -2.649469
  -1.800   -0.000   -0.600         0.052699
  -1.800   -0.000   -0.000         2.206004
  -1.800   -0.000    0.600         1.783554
  -1.800   -0.000    1.200         0.941525
  -1.800   -0.000    1.800         0.445783
  -1.800   -0.000    2.400         0.333207
  -1.800    0.600   -1.800        -7.288074
  -1.800    0.600   -1.200        -4.974344
  -1.800    0.600   -0.600        -1.789281
  -1.800    0.600   -0.000         0.129428
  -1.800    0.600    0.600         0.618406
  -1.800    0.600    1.200         0.523869
  -1.800    0.600    1.800         0.392237
  -1.800    0.600    2.400         0.385387
  -1.800    1.200   -1.800       -15.062698
  -1.800    1.200   -1.200        -7.702268
  -1.800    1.200   -0.600        -3.096563
  -1.800    1.200   -0.000        -0.989140
  -1.800    1.200    0.600        -0.138659
  -1.800    1.200    1.200         0.147773
  -1.800    1.200    1.800         0.249226
  -1.800    1.200    2.400         0.329686
  -1.800    1.800   -1.800       -10.528468
  -1.800    1.800   -1.200        -6.290536
  -1.800    1.800   -0.600        -3.002677
  -1.800    1.800   -0.000        -1.315035
  -1.800    1.800    0.600        -0.506105
  -1.800    1.800    1.200        -0.111365
  -1.800    1.800    1.800         0.104842
  -1.800    1.800    2.400         0.247665
  -1.800    2.400   -1.800        -4.753811
  -1.800    2.400   -1.200        -3.563516
  -1.800    2.400   -0.600        -2.179165
  -1.800    2.400   -0.000        -1.271502
  -1.800    2.400    0.600        -0.716115
  -1.800    2.400    1.200        -0.326321
  -1.800    2.400    1.800        -0.030094
  -1.800    2.400    2.400         0.183554
  -1.200   -1.800   -1.800         0.044005
  -1.200   -1.800   -1.200        -2.627667
  -1.200   -1.800   -0.600         0.215206
  -1.200   -1.800   -0.000         3.526171
  -1.200   -1.800    0.600         3.340186
  -1.200   -1.800    1.200        -2.028901
  -1.200   -1.800    1.800        -7.467711
  -1.200   -1.800    2.400        -5.809704
  -1.200   -1.200   -1.800       -21.823374
  -1.200   -1.200   -1.200       -44.417634
  -1.200   -1.200   -0.600        -2.388400
  -1.200   -1.200   -0.000        10.411549
  -1.200   -1.200    0.600         4.025159
  -1.200   -1.200    1.200        -0.545498
  -1.200   -1.200    1.800        -2.956347
  -1.200   -1.200    2.400        -2.719170
  -1.200   -0.600   -1.800       -11.796516
  -1.200   -0.600   -1.200       -37.282162
  -1.200   -0.600   -0.600        15.691522
  -1.200   -0.600   -0.000        24.116864
  -1.200   -0.600    0.600         6.086829
  -1.200   -0.600    1.200         1.107274
  -1.200   -0.600    1.800        -0.602373
  -1.200   -0.600    2.400        -0.884421
  -1.200   -0.000   -1.800        14.263667
  -1.200   -0.000   -1.200        -7.106078
  -1.200   -0.000   -0.600         4.028238
  -1.200   -0.000   -0.000         8.597870
  -1.200   -0.000    0.600         3.817093
  -1.200   -0.000    1.200         1.246890
  -1.200   -0.000    1.800         0.204857
  -1.200   -0.000    2.400        -0.102101
  -1.200    0.600   -1.800       -23.954795
  -1.200    0.600   -1.200        -9.932556
  -1.200    0.600   -0.600        -2.267191
  -1.200    0.600   -0.000         1.036519
  -1.200    0.600    0.600         1.229538
  -1.200    0.600    1.200         0.708257
  -1.200    0.600    1.800         0.327153
  -1.200    0.600    2.400         0.168311
  -1.200    1.200   -1.800       -88.548602
  -1.200    1.200   -1.200       -17.039474
  -1.200    1.200   -0.600        -4.681401
  -1.200    1.200   -0.000        -1.129540
  -1.200    1.200    0.600        -0.014533
  -1.200    1.200    1.200         0.237612
  -1.200    1.200    1.800         0.248394
  -1.200    1.200    2.400         0.237332
  -1.200    1.800   -1.800       -28.586716
  -1.200    1.800   -1.200       -11.546322
  -1.200    1.800   -0.600        -4.283305
  -1.200    1.800   -0.000        -1.570787
  -1.200    1.800    0.600        -0.475759
  -1.200    1.800    1.200        -0.027824
  -1.200    1.800    1.800         0.158477
  -1.200    1.800    2.400         0.247775
  -1.200    2.400   -1.800        -7.956011
  -1.200    2.400   -1.200        -5.343950
  -1.200    2.400   -0.600        -2.870651
  -1.200    2.400   -0.000        -1.421280
  -1.200    2.400    0.600        -0.625949
  -1.200    2.400    1.200        -0.172059
  -1.200    2.400    1.800         0.099544
  -1.200    2.400    2.400         0.262530
  -0.600   -1.800   -1.800        30.171169
  -0.600   -1.800   -1.200        64.837171
  -0.600   -1.800   -0.600         4.435438
  -0.600   -1.800   -0.000         3.223464
  -0.600   -1.800    0.600        -2.084595
  -0.600   -1.800    1.200       -18.342181
  -0.600   -1.800    1.800       -33.639928
  -0.600   -1.800    2.400       -15.478110
  -0.600   -1.200   -1.800       -63.568917
  -0.600   -1.200   -1.200      -354.982450
  -0.600   -1.200   -0.600        -5.199274
  -0.600   -1.200   -0.000        19.487408
  -0.600   -1.200    0.600         3.873540
  -0.600   -1.200    1.200        -3.820913
  -0.600   -1.200    1.800        -7.373926
  -0.600   -1.200    2.400        -5.538274
  -0.600   -0.600   -1.800       -44.957183
  -0.600   -0.600   -1.200      -208.533725
  -0.600   -0.600   -0.600       139.383092
  -0.600   -0.600   -0.000        87.135994
  -0.600   -0.600    0.600         8.367528
  -0.600   -0.600    1.200         0.682433
  -0.600   -0.600    1.800        -1.552690
  -0.600   -0.600    2.400        -1.825212
  -0.600   -0.000   -1.800        30.032987
  -0.600   -0.000   -1.200       -12.909507
  -0.600   -0.000   -0.600         9.152145
  -0.600   -0.000   -0.000        14.949995
  -0.600   -0.000    0.600         5.006203
  -0.600   -0.000    1.200         1.325278
  -0.600   -0.000    1.800        -0.048506
  -0.600   -0.000    2.400        -0.524959
  -0.600    0.600   -1.800       -26.662840
  -0.600    0.600   -1.200       -10.822846
  -0.600    0.600   -0.600        -2.047810
  -0.600    0.600   -0.000         1.697612
  -0.600    0.600    0.600         1.605280
  -0.600    0.600    1.200         0.823545
  -0.600    0.600    1.800         0.263530
  -0.600    0.600    2.400        -0.042779
  -0.600    1.200   -1.800      -133.156160
  -0.600    1.200   -1.200       -18.570447
  -0.600    1.200   -0.600        -4.692699
  -0.600    1.200   -0.000        -0.916498
  -0.600    1.200    0.600         0.199888
  -0.600    1.200    1.200         0.374368
  -0.600    1.200    1.800         0.280732
  -0.600    1.200    2.400         0.162128
  -0.600    1.800   -1.800       -32.285286
  -0.600    1.800   -1.200       -12.048460
  -0.600    1.800   -0.600        -4.184993
  -0.600    1.800   -0.000        -1.352450
  -0.600    1.800    0.600        -0.244271
  -0.600    1.800    1.200         0.159745
  -0.600    1.800    1.800         0.269062
  -0.600    1.800    2.400         0.274874
  -0.600    2.400   -1.800        -7.724341
  -0.600    2.400   -1.200        -5.162709
  -0.600    2.400   -0.600        -2.621109
  -0.600    2.400   -0.000        -1.122328
  -0.600    2.400    0.600        -0.316491
  -0.600    2.400    1.200         0.094326
  -0.600    2.400    1.800         0.286690
  -0.600    2.400    2.400         0.367214
  -0.000   -1.800   -1.800        36.882751
  -0.000   -1.800   -1.200        75.117650
  -0.000   -1.800   -0.600         7.779562
  -0.000   -1.800   -0.000         2.770683
  -0.000   -1.800    0.600        -3.104904
  -0.000   -1.800    1.200       -23.897799
  -0.000   -1.800    1.800       -49.079783
  -0.000   -1.800    2.400       -17.449646
  -0.000   -1.200   -1.800       -14.912771
  -0.000   -1.200   -1.200       -34.743519
  -0.000   -1.200   -0.600        -3.802937
  -0.000   -1.200   -0.000         6.734718
  -0.000   -1.200    0.600         1.958544
  -0.000   -1.200    1.200        -4.166899
  -0.000   -1.200    1.800        -7.749256
  -0.000   -1.200    2.400        -5.792799
  -0.000   -0.600   -1.800       -17.303270
  -0.000   -0.600   -1.200       -38.684374
  -0.000   -0.600   -0.600         1.303911
  -0.000   -0.600   -0.000        12.956925
  -0.000   -0.600    0.600         4.615513
  -0.000   -0.600    1.200         0.425468
  -0.000   -0.600    1.800        -1.561621
  -0.000   -0.600    2.400        -2.136025
  -0.000   -0.000   -1.800         1.279616
  -0.000   -0.000   -1.200        -8.265270
  -0.000   -0.000   -0.600         1.007522
  -0.000   -0.000   -0.000         5.910549
  -0.000   -0.000    0.600         3.286245
  -0.000   -0.000    1.200         1.123764
  -0.000   -0.000    1.800        -0.135166
  -0.000   -0.000    2.400        -0.868172
  -0.000    0.600   -1.800        -7.867101
  -0.000    0.600   -1.200        -6.004440
  -0.000    0.600   -0.600        -1.562946
  -0.000    0.600   -0.000         1.138459
  -0.000    0.600    0.600         1.400777
  -0.000    0.600    1.200         0.844165
  -0.000    0.600    1.800         0.232634
  -0.000    0.600    2.400        -0.271379
  -0.000    1.200   -1.800       -19.392846
  -0.000    1.200   -1.200        -8.645092
  -0.000    1.200   -0.600        -2.877491
  -0.000    1.200   -0.000        -0.379507
  -0.000    1.200    0.600         0.494411
  -0.000    1.200    1.200         0.581939
  -0.000    1.200    1.800         0.366248
  -0.000    1.200    2.400         0.090300
  -0.000    1.800   -1.800       -11.517456
  -0.000    1.800   -1.200        -6.352051
  -0.000    1.800   -0.600        -2.510045
  -0.000    1.800   -0.000        -0.608567
  -0.000    1.800    0.600         0.228898
  -0.000    1.800    1.200         0.487078
  -0.000    1.800    1.800         0.457204
  -0.000    1.800    2.400         0.329434
  -0.000    2.400   -1.800        -3.514481
  -0.000    2.400   -1.200        -2.767766
  -0.000    2.400   -0.600        -1.361877
  -0.000    2.400   -0.000        -0.349814
  -0.000    2.400    0.600         0.231877
  -0.000    2.400    1.200         0.487131
  -0.000    2.400    1.800         0.537893
  -0.000    2.400    2.400         0.497376
   0.600   -1.800   -1.800         7.567675
   0.600   -1.800   -1.200         8.240299
   0.600   -1.800   -0.600         4.845424
   0.600   -1.800   -0.000         4.023576
   0.600   -1.800    0.600         3.256355
   0.600   -1.800    1.200        -0.276342
   0.600   -1.800    1.800        -3.194277
   0.600   -1.800    2.400        -2.277152
   0.600   -1.200   -1.800         0.079264
   0.600   -1.200   -1.200        -1.473249
   0.600   -1.200   -0.600         1.104035
   0.600   -1.200   -0.000         3.575023
   0.600   -1.200    0.600         3.395465
   0.600   -1.200    1.200         1.320099
   0.600   -1.200    1.800        -1.178850
   0.600   -1.200    2.400        -2.515611
   0.600   -0.600   -1.800        -2.416874
   0.600   -0.600   -1.200        -4.820905
   0.600   -0.600   -0.600        -0.325769
   0.600   -0.600   -0.000         3.143946
   0.600   -0.600    0.600         2.983520
   0.600   -0.600    1.200         1.534141
   0.600   -0.600    1.800        -0.224967
   0.600   -0.600    2.400        -1.914235
   0.600   -0.000   -1.800        -0.892934
   0.600   -0.000   -1.200        -2.557074
   0.600   -0.000   -0.600        -0.186853
   0.600   -0.000   -0.000         2.002093
   0.600   -0.000    0.600         2.094049
   0.600   -0.000    1.200         1.226072
   0.600   -0.000    1.800         0.043961
   0.600   -0.000    2.400        -1.284917
   0.600    0.600   -1.800        -2.315771
   0.600    0.600   -1.200        -2.272104
   0.600    0.600   -0.600        -0.609704
   0.600    0.600   -0.000         0.883951
   0.600    0.600    0.600         1.332853
   0.600    0.600    1.200         1.003504
   0.600    0.600    1.800         0.289710
   0.600    0.600    2.400        -0.578198
   0.600    1.200   -1.800        -4.067088
   0.600    1.200   -1.200        -2.783953
   0.600    1.200   -0.600        -0.942045
   0.600    1.200   -0.000         0.430412
   0.600    1.200    0.600         1.051383
   0.600    1.200    1.200         0.999402
   0.600    1.200    1.800         0.567476
   0.600    1.200    2.400         0.024770
   0.600    1.800   -1.800        -2.605730
   0.600    1.800   -1.200        -1.882102
   0.600    1.800   -0.600        -0.567830
   0.600    1.800   -0.000         0.496327
   0.600    1.800    0.600         1.055250
   0.600    1.800    1.200         1.077837
   0.600    1.800    1.800         0.789196
   0.600    1.800    2.400         0.435229
   0.600    2.400   -1.800         0.267579
   0.600    2.400   -1.200        -0.036033
   0.600    2.400   -0.600         0.296346
   0.600    2.400   -0.000         0.761443
   0.600    2.400    0.600         1.073457
   0.600    2.400    1.200         1.088114
   0.600    2.400    1.800         0.902030
   0.600    2.400    2.400         0.675124
   1.200   -1.800   -1.800         3.761990
   1.200   -1.800   -1.200         3.816479
   1.200   -1.800   -0.600         4.451306
   1.200   -1.800   -0.000         7.325108
   1.200   -1.800    0.600        14.860874
   1.200   -1.800    1.200        22.691784
   1.200   -1.800    1.800        18.176082
   1.200   -1.800    2.400         6.414084
   1.200   -1.200   -1.800         1.899101
   1.200   -1.200   -1.200         1.737205
   1.200   -1.200   -0.600         2.823521
   1.200   -1.200   -0.000         5.175181
   1.200   -1.200    0.600         8.623359
   1.200   -1.200    1.200        10.038002
   1.200   -1.200    1.800         5.692134
   1.200   -1.200    2.400        -0.234376
   1.200   -0.600   -1.800         0.603089
   1.200   -0.600   -1.200         0.236945
   1.200   -0.600   -0.600         1.358655
   1.200   -0.600   -0.000         2.983432
   1.200   -0.600    0.600         4.075211
   1.200   -0.600    1.200         3.709590
   1.200   -0.600    1.800         1.373407
   1.200   -0.600    2.400        -2.403419
   1.200   -0.000   -1.800         0.068871
   1.200   -0.000   -1.200        -0.231187
   1.200   -0.000   -0.600         0.608743
   1.200   -0.000   -0.000         1.721398
   1.200   -0.000    0.600         2.206406
   1.200   -0.000    1.200         1.727798
   1.200   -0.000    1.800         0.281885
   1.200   -0.000    2.400        -2.153515
   1.200    0.600   -1.800        -0.556971
   1.200    0.600   -1.200        -0.526895
   1.200    0.600   -0.600         0.266472
   1.200    0.600   -0.000         1.302341
   1.200    0.600    0.600         1.818784
   1.200    0.600    1.200         1.471782
   1.200    0.600    1.800         0.462073
   1.200    0.600    2.400        -0.998039
   1.200    1.200   -1.800        -0.812955
   1.200    1.200   -1.200        -0.545215
   1.200    1.200   -0.600         0.344565
   1.200    1.200   -0.000         1.616014
   1.200    1.200    0.600         2.329459
   1.200    1.200    1.200         1.932608
   1.200    1.200    1.800         1.001350
   1.200    1.200    2.400         0.020568
   1.200    1.800   -1.800         0.297363
   1.200    1.800   -1.200         0.292480
   1.200    1.800   -0.600         0.903647
   1.200    1.800   -0.000         2.137598
   1.200    1.800    0.600         2.870647
   1.200    1.800    1.200         2.345507
   1.200    1.800    1.800         1.409523
   1.200    1.800    2.400         0.647586
   1.200    2.400   -1.800         2.978883
   1.200    2.400   -1.200         2.201407
   1.200    2.400   -0.600         1.842131
   1.200    2.400   -0.000         2.235602
   1.200    2.400    0.600         2.574609
   1.200    2.400    1.200         2.162055
   1.200    2.400    1.800         1.474820
   1.200    2.400    2.400         0.934144
   1.800   -1.800   -1.800         3.119391
   1.800   -1.800   -1.200         3.158819
   1.800   -1.800   -0.600         4.738657
   1.800   -1.800   -0.000        11.016537
   1.800   -1.800    0.600        43.551222
   1.800   -1.800    1.200       166.473819
   1.800   -1.800    1.800        29.615562
   1.800   -1.800    2.400         4.064821
   1.800   -1.200   -1.800         1.969808
   1.800   -1.200   -1.200         2.120763
   1.800   -1.200   -0.600         3.407660
   1.800   -1.200   -0.000         7.071758
   1.800   -1.200    0.600        16.206621
   1.800   -1.200    1.200        23.354065
   1.800   -1.200    1.800         9.514440
   1.800   -1.200    2.400        -1.381329
   1.800   -0.600   -1.800         1.018801
   1.800   -0.600   -1.200         1.080576
   1.800   -0.600   -0.600         1.900359
   1.800   -0.600   -0.000         3.479086
   1.800   -0.600    0.600         5.291897
   1.800   -0.600    1.200         5.187211
   1.800   -0.600    1.800         1.705293
   1.800   -0.600    2.400        -4.013213
   1.800   -0.000   -1.800         0.324634
   1.800   -0.000   -1.200         0.313141
   1.800   -0.000   -0.600         0.882515
   1.800   -0.000   -0.000         1.838199
   1.800   -0.000    0.600         2.479246
   1.800   -0.000    1.200         2.033209
   1.800   -0.000    1.800         0.298813
   1.800   -0.000    2.400        -3.180212
   1.800    0.600   -1.800        -0.188637
   1.800    0.600   -1.200        -0.220481
   1.800    0.600   -0.600         0.415714
   1.800    0.600   -0.000         1.819044
   1.800    0.600    0.600         2.757097
   1.800    0.600    1.200         2.204496
   1.800    0.600    1.800         0.775327
   1.800    0.600    2.400        -1.232037
   1.800    1.200   -1.800        -0.175176
   1.800    1.200   -1.200        -0.347583
   1.800    1.200   -0.600         0.594921
   1.800    1.200   -0.000         3.885096
   1.800    1.200    0.600         6.038440
   1.800    1.200    1.200         4.045703
   1.800    1.200    1.800         1.788775
   1.800    1.200    2.400         0.224391
   1.800    1.800   -1.800         1.192884
   1.800    1.800   -1.200         0.533468
   1.800    1.800   -0.600         1.326389
   1.800    1.800   -0.000         6.482062
   1.800    1.800    0.600         9.946962
   1.800    1.800    1.200         5.682880
   1.800    1.800    1.800         2.489272
   1.800    1.800    2.400         1.014440
   1.800    2.400   -1.800         5.060717
   1.800    2.400   -1.200         3.403798
   1.800    2.400   -0.600         2.445552
   1.800    2.400   -0.000         4.712608
   1.800    2.400    0.600         6.587140
   1.800    2.400    1.200         4.404611
   1.800    2.400    1.800         2.322666
   1.800    2.400    2.400         1.271891
   2.400   -1.800   -1.800         2.526166
   2.400   -1.800   -1.200         2.423940
   2.400   -1.800   -0.600         3.958218
   2.400   -1.800   -0.000         9.735003
   2.400   -1.800    0.600        39.397887
   2.400   -1.800    1.200       145.257467
   2.400   -1.800    1.800         6.569748
   2.400   -1.800    2.400        -9.855273
   2.400   -1.200   -1.800         1.348331
   2.400   -1.200   -1.200         1.599814
   2.400   -1.200   -0.600         2.815839
   2.400   -1.200   -0.000         6.055163
   2.400   -1.200    0.600        13.651514
   2.400   -1.200    1.200        16.245842
   2.400   -1.200    1.800        -3.203600
   2.400   -1.200    2.400        -6.197649
   2.400   -0.600   -1.800         0.577600
   2.400   -0.600   -1.200         0.755734
   2.400   -0.600   -0.600         1.463096
   2.400   -0.600   -0.000         2.767279
   2.400   -0.600    0.600         4.002833
   2.400   -0.600    1.200         2.722812
   2.400   -0.600    1.800        -1.175832
   2.400   -0.600    2.400        -2.901643
   2.400   -0.000   -1.800        -0.036536
   2.400   -0.000   -1.200        -0.091581
   2.400   -0.000   -0.600         0.311004
   2.400   -0.000   -0.000         1.242827
   2.400   -0.000    0.600         1.950112
   2.400   -0.000    1.200         1.486033
   2.400   -0.000    1.800         0.119854
   2.400   -0.000    2.400        -2.099818
   2.400    0.600   -1.800        -0.611831
   2.400    0.600   -1.200        -1.171164
   2.400    0.600   -0.600        -0.964642
   2.400    0.600   -0.000         1.266659
   2.400    0.600    0.600         3.358893
   2.400    0.600    1.200         2.721234
   2.400    0.600    1.800         1.195967
   2.400    0.600    2.400        -0.530945
   2.400    1.200   -1.800        -0.789811
   2.400    1.200   -1.200        -2.522763
   2.400    1.200   -0.600        -2.847896
   2.400    1.200   -0.000         7.369014
   2.400    1.200    0.600        17.052328
   2.400    1.200    1.200         7.386536
   2.400    1.200    1.800         2.646886
   2.400    1.200    2.400         0.759820
   2.400    1.800   -1.800         0.579914
   2.400    1.800   -1.200        -2.602911
   2.400    1.800   -0.600        -4.488017
   2.400    1.800   -0.000        28.613607
   2.400    1.800    0.600        87.155933
   2.400    1.800    1.200        13.361857
   2.400    1.800    1.800         3.637655
   2.400    1.800    2.400         1.447988
   2.400    2.400   -1.800         5.186221
   2.400    2.400   -1.200         1.677024
   2.400    2.400   -0.600        -2.071097
   2.400    2.400   -0.000         7.776683
   2.400    2.400    0.600        19.549016
   2.400    2.400    1.200         7.919720
   2.400    2.400    1.800         3.056793
   2.400    2.400    2.400         1.568169
