 0.000000000000
 0.000000000000
 0.000000000000
 0.000000000000
 0.000000000000
 0.000000000000
 0.000000000000
 0.000000000000
 0.000000000000
 0.000000000000
 0.000000000000
 0.000000000000
 0.000000000000
 0.000000000000
 0.000000000000
 0.000000000000
 0.000000000000
 0.000000000000
 0.000000000000
 0.000000000000
 0.000000000000
 0.000000000000
 0.000000000000
 0.000000000000
 0.000000000000
 0.000000000000
 0.000000000000
 0.000000000000
 0.000000000000
 0.000000000000
 0.000000000000
 0.000000000000
 0.000000000000
 0.000000000000
 0.000000000000
 0.000000000000
 0.000000000000
 0.000000000000
 0.000000000000
 0.000000000000
 0.000000000000
 0.000000000000
 0.000000000000
 0.000000000000
 0.000000000000
 0.000000000000
 0.000000000000
 0.000000000000
 0.000000000000
 0.000000000000
 0.000000000000
 0.000000000000
 0.000000000000
 0.000000000000
 0.000000000000
 0.000000000000
 0.000000000000
 0.000000000000
 0.000000000000
 0.000000000000
 0.000000000000
 0.000000000000
 0.000000000000
 0.000000000000
 0.001869130435
 0.000061304348
 0.000000000000
 0.000000000000
 0.000000000000
 0.000000000000
 0.000000000000
 0.000000000000
 0.000077826087
 0.000002608696
 0.000000000000
 0.000000000000
 0.000000000000
 0.000000000000
 0.000000000000
 0.000000000000
 0.000012608696
 0.000079565217
 0.000000000000
 0.000000000000
 0.000000000000
 0.000000000000
 0.000000000000
 0.000000000000
 0.000004782609
 0.000029130435
 0.000000000000
 0.000000000000
 0.000000000000
 0.000000000000
 0.000000000000
 0.000000000000
 0.000000000000
 0.000000000000
 0.000000000000
 0.000000000000
 0.000000000000
 0.000000000000
 0.000000000000
 0.000000000000
 0.000000000000
 0.000000000000
 0.000000000000
 0.000000000000
 0.000000000000
 0.000000000000
 0.000000000000
 0.000000000000
 0.000000000000
 0.000000000000
 0.000000000000
 0.000000000000
 0.000000000000
 0.000000000000
 0.000000000000
 0.000000000000
 0.000000000000
 0.000000000000
 0.000000000000
 0.000000000000
 0.000000000000
 0.000000000000
 0.000000000000
 0.000000000000
 0.000151739130
 0.000004782609
 0.000000000000
 0.000000000000
 0.000000000000
 0.000000000000
 0.000000000000
 0.000000000000
 0.000006521739
 0.000000000000
 0.000000000000
 0.000000000000
 0.000000000000
 0.000000000000
 0.000000000000
 0.000000000000
 0.000251304348
 0.001565217391
 0.000000000000
 0.000000000000
 0.000000000000
 0.000000000000
 0.000000000000
 0.000000000000
 0.000092173913
 0.000573913043
 0.000000000000
 0.000000000000
 0.000000000000
 0.000000000000
 0.000000000000
 0.000000000000
 0.000000000000
 0.000000000000
 0.000000000000
 0.000000000000
 0.000000000000
 0.000000000000
 0.000000000000
 0.000000000000
 0.000000000000
 0.000000000000
 0.000000000000
 0.000000000000
 0.000000000000
 0.000000000000
 0.000000000000
 0.000000000000
 0.000000000000
 0.000000000000
 0.000000000000
 0.000000000000
 0.000000000000
 0.000000000000
 0.000000000000
 0.000000000000
 0.000000000000
 0.000000000000
 0.000000000000
 0.000000000000
 0.000000000000
 0.000000000000
 0.000000000000
 0.000000000000
 0.000000000000
 0.000000000000
 0.000000000000
 0.000000000000
 0.000000000000
 0.000000000000
 0.000000000000
 0.000000000000
 0.000000000000
 0.000000000000
 0.000000000000
 0.000000000000
 0.000000000000
 0.000000000000
 0.000000000000
 0.000000000000
 0.000000000000
 0.000000000000
 0.000000000000
 0.037492173913
 0.005684782609
 0.000000000000
 0.000000000000
 0.000000000000
 0.000000000000
 0.000000000000
 0.000000000000
 0.002112173913
 0.000320434783
 0.000000000000
 0.000000000000
 0.000000000000
 0.000000000000
 0.000000000000
 0.000000000000
 0.000000000000
 0.000000000000
 0.000000000000
 0.000000000000
 0.000000000000
 0.000000000000
 0.000000000000
-0.000248695652
-0.002568695652
 0.000000000000
 0.000000000000
 0.000000000000
 0.000000000000
 0.000000000000
 0.000000000000
-0.005973043478
-0.061644347826
 0.000000000000
 0.000000000000
 0.000000000000
 0.000000000000
 0.000000000000
 0.000000000000
 0.000000000000
 0.000000000000
 0.000000000000
 0.000000000000
 0.000000000000
 0.000000000000
 0.000000000000
 0.000000000000
 0.000000000000
 0.000000000000
 0.000000000000
 0.000000000000
 0.000000000000
 0.000000000000
 0.000000000000
 0.000000000000
 0.000000000000
 0.000000000000
 0.000000000000
 0.000000000000
 0.000000000000
 0.000000000000
 0.000000000000
 0.000000000000
 0.000000000000
 0.002894347826
 0.000438695652
 0.000000000000
 0.000000000000
 0.000000000000
 0.000000000000
 0.000000000000
 0.000000000000
 0.000163043478
 0.000024782609
 0.000000000000
 0.000000000000
 0.000000000000
 0.000000000000
 0.000000000000
 0.000000000000
 0.000000000000
 0.052467826087
 0.004116086957
-0.019983913043
 0.000000000000
 0.000000000000
 0.000000000000
-0.000746521739
-0.007705652174
 0.015968695652
 0.001436086957
-0.000477391304
 0.000000000000
 0.000000000000
 0.000000000000
-0.017918695652
-0.184933478261
 0.000000000000
 0.000000000000
 0.000000000000
 0.000000000000
 0.000000000000
 0.000000000000
 0.000000000000
 0.000000000000
 0.000000000000
 0.000000000000
 0.000000000000
 0.000000000000
 0.000000000000
 0.000000000000
 0.000000000000
 0.000000000000
 0.000000000000
 0.000000000000
 0.000000000000
 0.000000000000
 0.000000000000
 0.000000000000
 0.000000000000
 0.000000000000
 0.000000000000
 0.000000000000
 0.000000000000
 0.000000000000
 0.000000000000
 0.000000000000
 0.000000000000
 0.000000000000
 0.000000000000
 0.000000000000
 0.000000000000
 0.000000000000
 0.000000000000
 0.000000000000
 0.000000000000
 0.000000000000
 0.000000000000
 0.000000000000
 0.000000000000
 0.000000000000
 0.000000000000
 0.000000000000
 0.000000000000
 0.000000000000
 0.000087391304
-0.008052173913
-0.246467826087
 0.000000000000
 0.000000000000
 0.000000000000
 0.000000000000
 0.000000000000
 0.000026521739
-0.000190000000
-0.005888260870
 0.000000000000
 0.000000000000
 0.000000000000
 0.000000000000
 0.000000000000
 0.000000000000
 0.000000000000
 0.000000000000
 0.000000000000
 0.000000000000
 0.000000000000
 0.000000000000
 0.000000000000
 0.000000000000
 0.000000000000
 0.000000000000
 0.000000000000
 0.000000000000
 0.000000000000
 0.000000000000
 0.000000000000
 0.000000000000
 0.000000000000
 0.000000000000
 0.000000000000
 0.000000000000
 0.000000000000
 0.000000000000
 0.000000000000
 0.000000000000
 0.000000000000
 0.000000000000
 0.000000000000
 0.000000000000
 0.000000000000
 0.000000000000
 0.000000000000
 0.000000000000
 0.000000000000
 0.000000000000
 0.000000000000
 0.000000000000
 0.000000000000
 0.000000000000
 0.000000000000
 0.000000000000
 0.000000000000
 0.000000000000
 0.000000000000
 0.000000000000
 0.000000000000
 0.000000000000
 0.000000000000
 0.000000000000
 0.000000000000
 0.000000000000
 0.000000000000
 0.000000000000
 0.000000000000
 0.000000000000
 0.000000000000
 0.000000000000
 0.000000000000
 0.000000000000
 0.000000000000
 0.000000000000
 0.000000000000
 0.000000000000
 0.000000000000
 0.000000000000
 0.000000000000
 0.000000000000
 0.000000000000
 0.000000000000
 0.000000000000
 0.000000000000
 0.000000000000
 0.000000000000
 0.000000000000
 0.000000000000
 0.000000000000
 0.000000000000
 0.000000000000
 0.000000000000
 0.000000000000
 0.000000000000
 0.000000000000
 0.000000000000
 0.000000000000
 0.000000000000
 0.000000000000
 0.000000000000
 0.000000000000
 0.000000000000
 0.000000000000
 0.000000000000
 0.000000000000
 0.000000000000
 0.000000000000
 0.000000000000
 0.000000000000
 0.000000000000
 0.000000000000
 0.000000000000
 0.000000000000
 0.000000000000
 0.000000000000
 0.000000000000
 0.000000000000
 0.000000000000
 0.000000000000
 0.000000000000
 0.000000000000
 0.000000000000
 0.000000000000
 0.000000000000
 0.000000000000
 0.000000000000
 0.000000000000
 0.000000000000
 0.000000000000
 0.000000000000
 0.000000000000
 0.000000000000
 0.000000000000
 0.000000000000
 0.000000000000
 0.000000000000
 0.000000000000
 0.000000000000
 0.000000000000
 0.000000000000
 0.000000000000
 0.000000000000
 0.000000000000
 0.000000000000
 0.000000000000
 0.000000000000
 0.000000000000
 0.000000000000
 0.000000000000
 0.000000000000
 0.000000000000
 0.000000000000
 0.000000000000
 0.000000000000
 0.000000000000
 0.000000000000
 0.000000000000
 0.000000000000
 0.000000000000
 0.000000000000
 0.000000000000
 0.000000000000
 0.000000000000
 0.000000000000
 0.000000000000
 0.000000000000
 0.000000000000
 0.000000000000
 0.000000000000
 0.000000000000
 0.000000000000
 0.000000000000
 0.000000000000
 0.000000000000
 0.000000000000
 0.000000000000
 0.000000000000
 0.000000000000
 0.000000000000
 0.000000000000
 0.000000000000
 0.000000000000
 0.000000000000
 0.000000000000
 0.000000000000
 0.000000000000
 0.000000000000
 0.000000000000
 0.000000000000
 0.000000000000
 0.000000000000
 0.000000000000
 0.000000000000
 0.000000000000
 0.000000000000
 0.000000000000
 0.000000000000
 0.000000000000
 0.000000000000
 0.000000000000
 0.000000000000
 0.000000000000
 0.000000000000
 0.000000000000
 0.000000000000
 0.000000000000
 0.000000000000
 0.000000000000
 0.000000000000
 0.000000000000
 0.000000000000
 0.000000000000
 0.000000000000
 0.000000000000
 0.000000000000
 0.000000000000
 0.000000000000
 0.373860869565
 0.012226086957
 0.000000000000
 0.000000000000
 0.000000000000
 0.000000000000
 0.000000000000
 0.000000000000
 0.015577391304
 0.000509565217
 0.000000000000
 0.000000000000
 0.000000000000
 0.000000000000
 0.000000000000
 0.000000000000
 0.002126956522
 0.013248695652
 0.000000000000
 0.000000000000
 0.000000000000
 0.000000000000
 0.000000000000
 0.000000000000
 0.000780000000
 0.004858695652
 0.000000000000
 0.000000000000
 0.000000000000
 0.000000000000
 0.000000000000
 0.000000000000
 0.000000000000
 0.000000000000
 0.000000000000
 0.000000000000
 0.000000000000
 0.000000000000
 0.000000000000
 0.000000000000
 0.000000000000
 0.000000000000
 0.000000000000
 0.000000000000
 0.000000000000
 0.000000000000
 0.000000000000
 0.000000000000
 0.000000000000
 0.000000000000
 0.000000000000
 0.000000000000
 0.000000000000
 0.000000000000
 0.000000000000
 0.000000000000
 0.000000000000
 0.000000000000
 0.000000000000
 0.000000000000
 0.000000000000
 0.000000000000
 0.000000000000
 0.000000000000
 0.030313043478
 0.000991304348
 0.000000000000
 0.000000000000
 0.000000000000
 0.000000000000
 0.000000000000
 0.000000000000
 0.001263043478
 0.000041304348
 0.000000000000
 0.000000000000
 0.000000000000
 0.000000000000
 0.000000000000
 0.000000000000
 0.041879130435
 0.260861304348
 0.000000000000
 0.000000000000
 0.000000000000
 0.000000000000
 0.000000000000
 0.000000000000
 0.015358695652
 0.095669130435
 0.000000000000
 0.000000000000
 0.000000000000
 0.000000000000
 0.000000000000
 0.000000000000
 0.000000000000
 0.000000000000
 0.000000000000
 0.000000000000
 0.000000000000
 0.000000000000
 0.000000000000
 0.000000000000
 0.000000000000
 0.000000000000
 0.000000000000
 0.000000000000
 0.000000000000
 0.000000000000
 0.000000000000
 0.000000000000
 0.000000000000
 0.000000000000
 0.000000000000
 0.000000000000
 0.000000000000
 0.000000000000
 0.000000000000
 0.000000000000
 0.000000000000
 0.000000000000
 0.000000000000
 0.000000000000
 0.000000000000
 0.000000000000
 0.000000000000
 0.000000000000
 0.000000000000
 0.000000000000
 0.000000000000
 0.000000000000
 0.000000000000
 0.000000000000
 0.000000000000
 0.000000000000
 0.000000000000
 0.000000000000
 0.000000000000
 0.000000000000
 0.000000000000
 0.000000000000
 0.000000000000
 0.000000000000
 0.000000000000
 0.000000000000
 0.000000000000
 0.331787391304
 0.050309565217
 0.000000000000
 0.000000000000
 0.000000000000
 0.000000000000
 0.000000000000
 0.000000000000
 0.018692173913
 0.002834347826
 0.000000000000
 0.000000000000
 0.000000000000
 0.000000000000
 0.000000000000
 0.000000000000
 0.000000000000
 0.000000000000
 0.000000000000
 0.000000000000
 0.000000000000
 0.000000000000
 0.000000000000
 0.000000000000
 0.000000000000
 0.000000000000
 0.000000000000
 0.000000000000
 0.000000000000
 0.000000000000
 0.000000000000
 0.000000000000
 0.000000000000
 0.000000000000
 0.000000000000
 0.000000000000
 0.000000000000
 0.000000000000
 0.000000000000
 0.000000000000
 0.000000000000
 0.000000000000
 0.000000000000
 0.000000000000
 0.000000000000
 0.000000000000
 0.000000000000
 0.000000000000
 0.000000000000
 0.000000000000
 0.000000000000
 0.000000000000
 0.000000000000
 0.000000000000
 0.000000000000
 0.000000000000
 0.000000000000
 0.000000000000
 0.000000000000
 0.000000000000
 0.000000000000
 0.000000000000
 0.000000000000
 0.000000000000
 0.025613913043
 0.003883913043
 0.000000000000
 0.000000000000
 0.000000000000
 0.000000000000
 0.000000000000
 0.000000000000
 0.001443043478
 0.000218695652
 0.000000000000
 0.000000000000
 0.000000000000
 0.000000000000
 0.000000000000
 0.000000000000
 0.000000000000
 0.305046086957
 0.027731304348
 0.000000000000
 0.000000000000
 0.000000000000
 0.000000000000
 0.000000000000
 0.000000000000
 0.092840000000
 0.008440000000
 0.000000000000
 0.000000000000
 0.000000000000
 0.000000000000
 0.000000000000
 0.000000000000
 0.000000000000
 0.000000000000
 0.000000000000
 0.000000000000
 0.000000000000
 0.000000000000
 0.000000000000
 0.000000000000
 0.000000000000
 0.000000000000
 0.000000000000
 0.000000000000
 0.000000000000
 0.000000000000
 0.000000000000
 0.000000000000
 0.000000000000
 0.000000000000
 0.000000000000
 0.000000000000
 0.000000000000
 0.000000000000
 0.000000000000
 0.000000000000
 0.000000000000
 0.000000000000
 0.000000000000
 0.000000000000
 0.000000000000
 0.000000000000
 0.000000000000
 0.000000000000
 0.000000000000
 0.000000000000
 0.000000000000
 0.000000000000
 0.000000000000
 0.000000000000
 0.000000000000
 0.000000000000
 0.000000000000
 0.000000000000
 0.000000000000
 0.000000000000
 0.000000000000
 0.000000000000
 0.000000000000
 0.000000000000
 0.000509130435
 0.000046086957
 0.000000000000
 0.000000000000
 0.000000000000
 0.000000000000
 0.000000000000
 0.000000000000
 0.000154782609
 0.000013913043
 0.000000000000
 0.000000000000
 0.000000000000
 0.000000000000
 0.000000000000
 0.000000000000
 0.000000000000
 0.000000000000
 0.000000000000
 0.000000000000
 0.000000000000
 0.000000000000
 0.000000000000
 0.000000000000
 0.000000000000
 0.000000000000
 0.000000000000
 0.000000000000
 0.000000000000
 0.000000000000
 0.000000000000
 0.000000000000
 0.000000000000
 0.000000000000
 0.000000000000
 0.000000000000
 0.000000000000
 0.000000000000
 0.000000000000
 0.000000000000
 0.000000000000
 0.000000000000
 0.000000000000
 0.000000000000
 0.000000000000
 0.000000000000
 0.000000000000
 0.000000000000
 0.000000000000
 0.000000000000
 0.000000000000
 0.000000000000
 0.000000000000
 0.000000000000
 0.000000000000
 0.000000000000
 0.000000000000
 0.000000000000
 0.000000000000
 0.000000000000
 0.000000000000
 0.000000000000
 0.000000000000
 0.000000000000
 0.000000000000
 0.000000000000
 0.000000000000
 0.000000000000
 0.000000000000
 0.000000000000
 0.000000000000
 0.000000000000
 0.000000000000
 0.000000000000
 0.000000000000
 0.000000000000
 0.000000000000
 0.000000000000
 0.000000000000
 0.000000000000
 0.000000000000
 0.000000000000
 0.000000000000
 0.000000000000
 0.000000000000
 0.000000000000
 0.000000000000
 0.000000000000
 0.000000000000
 0.000000000000
 0.000000000000
 0.000000000000
 0.000000000000
 0.000000000000
 0.000000000000
 0.000000000000
 0.000000000000
 0.000000000000
 0.000000000000
 0.000000000000
 0.000000000000
 0.000000000000
 0.000000000000
 0.000000000000
 0.000000000000
 0.000000000000
 0.000000000000
 0.000000000000
 0.000000000000
 0.000000000000
 0.000000000000
 0.000000000000
 0.000000000000
 0.000000000000
 0.000000000000
 0.000000000000
 0.000000000000
 0.000000000000
 0.000000000000
 0.000000000000
 0.000000000000
 0.000000000000
 0.000000000000
 0.000000000000
 0.000000000000
 0.000000000000
 0.000000000000
 0.000000000000
 0.000000000000
 0.000000000000
 0.000000000000
 0.000000000000
 0.000000000000
 0.000000000000
 0.000000000000
 0.000000000000
 0.000000000000
 0.000000000000
 0.000000000000
 0.000000000000
 0.000000000000
 0.000000000000
 0.000000000000
 0.000000000000
 0.000000000000
 0.000000000000
 0.000000000000
 0.000000000000
 0.000000000000
 0.000000000000
 0.000000000000
 0.000000000000
 0.000000000000
 0.000000000000
 0.000000000000
 0.000000000000
 0.000000000000
 0.000000000000
 0.000000000000
 0.000000000000
 0.000000000000
 0.000000000000
 0.000000000000
 0.000000000000
 0.000000000000
 0.000000000000
 0.000000000000
 0.000000000000
 0.000000000000
 0.000000000000
 0.000000000000
 0.000000000000
 0.000000000000
 0.000000000000
 0.000000000000
 0.000000000000
 0.000000000000
 0.000000000000
 0.000000000000
 0.000000000000
 0.000000000000
 0.000000000000
 0.000000000000
 0.000000000000
 0.000000000000
 0.000000000000
 0.000000000000
 0.000000000000
 0.000000000000
 0.000000000000
 0.000000000000
 0.000000000000
 0.000000000000
 0.000000000000
 0.000000000000
 0.000000000000
 0.000000000000
 0.000000000000
 0.000000000000
 0.000000000000
 0.000000000000
 0.000000000000
 0.000000000000
 0.000000000000
 0.000000000000
 0.000000000000
 0.000000000000
 0.000000000000
 0.000000000000
 0.000000000000
 0.000000000000
 0.000000000000
 0.000000000000
 0.000000000000
 0.000000000000
 0.000000000000
 0.000000000000
 0.000000000000
 0.000000000000
 0.000000000000
 0.000000000000
 0.000000000000
 0.000000000000
 0.000000000000
 0.000000000000
 0.000000000000
 0.000000000000
 0.000000000000
 0.000000000000
 0.000000000000
 0.000000000000
 0.000000000000
 0.000000000000
 0.000000000000
 0.000000000000
 0.000000000000
 0.000000000000
 0.000000000000
 0.000000000000
 0.000000000000
 0.000000000000
 0.000000000000
 0.000000000000
 0.000000000000
 0.000000000000
 0.000000000000
 0.000000000000
 0.000000000000
 0.000000000000
 0.000000000000
 0.000000000000
 0.000000000000
 0.000000000000
 0.000000000000
 0.000000000000
 0.000000000000
 0.000000000000
 0.000000000000
 0.000000000000
 0.000000000000
 0.000000000000
 0.000000000000
 0.000000000000
 0.000000000000
 0.000000000000
 0.000000000000
 0.000000000000
 0.000000000000
 0.000000000000
 0.000000000000
 0.000000000000
 0.000000000000
 0.000000000000
 0.000000000000
 0.000000000000
 0.000000000000
 0.000000000000
 0.000000000000
 0.000000000000
 0.000000000000
 0.000000000000
 0.000000000000
 0.000000000000
 0.000000000000
 0.000000000000
 0.000000000000
 0.000000000000
 0.000000000000
 0.000000000000
 0.000000000000
 0.000000000000
 0.000000000000
 0.000000000000
 0.000000000000
 0.000000000000
 0.000000000000
 0.000000000000
 0.000000000000
 0.000000000000
 0.000000000000
 0.000000000000
 0.000000000000
 0.000000000000
 0.000000000000
 0.000000000000
 0.000000000000
 0.000000000000
 0.000000000000
 0.000000000000
 0.000000000000
 0.000000000000
 0.000000000000
 0.000000000000
 0.000000000000
 0.000000000000
 0.000000000000
 0.000000000000
 0.000000000000
 0.000000000000
 0.000000000000
 0.000000000000
 0.000000000000
 0.000000000000
 0.000000000000
 0.000000000000
 0.000000000000
 0.000000000000
 0.000000000000
 0.000000000000
 0.000000000000
 0.000000000000
 0.000000000000
 0.000000000000
 0.000000000000
 0.000000000000
 0.000000000000
 0.000000000000
 0.000000000000
 0.000000000000
 0.000000000000
 0.000000000000
 0.000000000000
 0.000000000000
 0.000000000000
 0.000000000000
 0.000000000000
 0.000000000000
 0.000000000000
 0.000000000000
 0.000000000000
 0.000000000000
 0.000000000000
 0.000000000000
 0.000000000000
 0.000000000000
 0.000000000000
 0.000000000000
 0.000000000000
 0.000000000000
 0.000000000000
 0.000000000000
 0.000000000000
 0.000000000000
 0.000000000000
 0.000000000000
 0.000000000000
 0.000000000000
 0.000000000000
 0.000000000000
 0.000000000000
 0.000000000000
 0.000000000000
 0.000000000000
 0.000000000000
 0.000000000000
 0.000000000000
 0.000000000000
 0.000000000000
 0.000000000000
 0.000000000000
 0.000000000000
 0.000000000000
 0.000000000000
 0.000000000000
 0.000000000000
 0.000000000000
 0.000000000000
 0.000000000000
 0.000000000000
 0.000000000000
 0.000383913043
 0.003963913043
 0.000000000000
 0.000000000000
 0.000000000000
 0.000000000000
 0.000000000000
 0.000000000000
 0.009217391304
 0.095130434783
 0.000000000000
 0.000000000000
 0.000000000000
 0.000000000000
 0.000000000000
 0.000000000000
 0.000000000000
 0.000000000000
 0.000000000000
 0.000000000000
 0.000000000000
 0.000000000000
 0.000000000000
 0.000000000000
 0.000000000000
 0.000000000000
 0.000000000000
 0.000000000000
 0.000000000000
 0.000000000000
 0.000000000000
 0.000000000000
 0.000000000000
 0.000000000000
 0.000000000000
 0.000000000000
 0.000000000000
 0.000000000000
 0.000000000000
 0.000000000000
 0.000000000000
 0.000000000000
 0.000000000000
 0.000000000000
 0.000000000000
 0.000000000000
 0.000000000000
 0.000000000000
 0.000000000000
 0.000000000000
 0.000000000000
 0.000000000000
 0.000000000000
 0.000000000000
 0.000000000000
 0.000000000000
 0.000000000000
 0.000000000000
 0.000000000000
 0.001008695652
 0.030839130435
 0.000000000000
 0.000000000000
 0.000000000000
 0.001152173913
 0.011891304348
 0.000000000000
 0.000023913043
 0.000736956522
 0.000000000000
 0.000000000000
 0.000000000000
 0.027652173913
 0.285391304348
 0.000000000000
 0.000000000000
 0.000000000000
 0.000000000000
 0.000000000000
 0.000000000000
 0.000000000000
 0.000000000000
 0.000000000000
 0.000000000000
 0.000000000000
 0.000000000000
 0.000000000000
 0.000000000000
 0.000000000000
 0.000000000000
 0.000000000000
 0.000000000000
 0.000000000000
 0.000000000000
 0.000000000000
 0.000000000000
 0.000000000000
 0.000000000000
 0.000000000000
 0.000000000000
 0.000000000000
 0.000000000000
 0.000000000000
 0.000000000000
 0.000000000000
 0.000000000000
 0.000000000000
 0.000000000000
 0.000000000000
 0.000000000000
 0.000000000000
 0.000000000000
 0.000000000000
 0.000000000000
 0.000000000000
 0.000000000000
 0.000000000000
 0.000000000000
 0.000000000000
 0.000000000000
 0.000000000000
 0.000000000000
 0.000000000000
 0.012438260870
 0.380351304348
 0.000000000000
 0.000000000000
 0.000000000000
 0.000000000000
 0.000000000000
 0.000000000000
 0.000296956522
 0.009086956522
 0.000000000000
 0.000000000000
 0.000000000000
 0.000000000000
 0.000000000000
 0.000000000000
 0.000000000000
 0.000000000000
 0.000000000000
 0.000000000000
 0.000000000000
 0.000000000000
 0.000000000000
 0.000000000000
 0.000000000000
 0.000000000000
 0.000000000000
 0.000000000000
 0.000000000000
 0.000000000000
 0.000000000000
 0.000000000000
 0.000000000000
 0.000000000000
 0.000000000000
 0.000000000000
 0.000000000000
 0.000000000000
 0.000000000000
 0.000000000000
 0.000000000000
 0.000000000000
 0.000000000000
 0.000000000000
 0.000000000000
 0.000000000000
 0.000000000000
 0.000000000000
 0.000000000000
 0.000000000000
 0.000000000000
 0.000000000000
 0.000000000000
 0.000000000000
 0.000000000000
 0.000000000000
 0.000000000000
 0.000000000000
 0.000000000000
 0.000000000000
 0.000000000000
 0.000000000000
 0.000000000000
 0.000000000000
 0.000000000000
 0.000000000000
 0.000000000000
 0.000000000000
 0.000000000000
 0.000000000000
 0.000000000000
 0.000000000000
 0.000000000000
 0.000000000000
 0.000000000000
 0.000000000000
 0.000000000000
 0.000000000000
 0.000000000000
 0.000000000000
 0.000000000000
 0.000000000000
 0.000000000000
 0.000000000000
 0.000000000000
 0.000000000000
 0.000000000000
 0.000000000000
 0.000000000000
 0.000000000000
 0.000000000000
 0.000000000000
 0.000000000000
 0.000000000000
 0.000000000000
 0.000000000000
 0.000000000000
 0.000000000000
 0.000000000000
 0.000000000000
 0.000000000000
 0.000000000000
 0.000000000000
 0.000000000000
 0.000000000000
 0.000000000000
 0.000000000000
 0.000000000000
 0.000000000000
 0.000000000000
 0.000000000000
 0.000000000000
 0.000000000000
 0.000000000000
 0.000000000000
 0.000000000000
 0.000000000000
 0.000000000000
 0.000000000000
 0.000000000000
 0.000000000000
 0.000000000000
 0.000000000000
 0.000000000000
 0.000000000000
 0.000000000000
 0.000000000000
 0.000000000000
 0.000000000000
 0.000000000000
 0.000000000000
 0.000000000000
 0.000000000000
 0.000000000000
 0.000000000000
 0.000000000000
 0.000000000000
 0.000000000000
 0.000000000000
 0.000000000000
 0.000000000000
 0.000000000000
 0.000000000000
 0.000000000000
 0.000000000000
 0.000000000000
 0.000000000000
 0.000000000000
 0.000000000000
 0.000000000000
 0.000000000000
 0.000000000000
 0.000000000000
 0.000000000000
 0.000000000000
 0.000000000000
 0.000000000000
 0.000000000000
 0.000000000000
 0.000000000000
 0.000000000000
 0.000000000000
 0.000000000000
 0.000000000000
 0.000000000000
 0.000000000000
 0.000000000000
 0.000000000000
 0.000000000000
 0.000000000000
 0.000000000000
 0.000000000000
 0.000000000000
 0.000000000000
 0.000000000000
 0.000000000000
 0.000000000000
 0.000000000000
 0.000000000000
 0.000000000000
 0.000000000000
 0.000000000000
 0.000000000000
 0.000000000000
 0.000000000000
 0.000000000000
 0.000000000000
 0.000000000000
 0.000000000000
 0.000000000000
 0.000000000000
 0.000000000000
 0.000000000000
 0.000000000000
 0.000000000000
 0.000000000000
 0.000000000000
 0.000000000000
 0.000000000000
 0.000000000000
 0.000000000000
 0.000000000000
 0.000000000000
 0.000000000000
 0.000000000000
 0.000000000000
 0.000000000000
 0.000000000000
 0.000000000000
 0.000000000000
 0.000000000000
 0.000000000000
 0.000000000000
 0.000000000000
 0.000000000000
 0.000000000000
 0.000000000000
 0.000000000000
 0.000000000000
 0.000000000000
 0.000000000000
 0.000000000000
 0.000000000000
 0.000000000000
 0.000000000000
 0.000000000000
 0.000000000000
 0.000000000000
 0.000000000000
 0.000000000000
 0.000000000000
 0.000000000000
 0.000000000000
 0.000000000000
 0.000000000000
 0.000000000000
 0.000000000000
 0.000000000000
 0.000000000000
 0.000000000000
 0.000000000000
 0.000000000000
 0.000000000000
 0.000000000000
 0.000000000000
 0.000000000000
 0.000000000000
 0.000000000000
 0.000000000000
 0.000000000000
 0.000000000000
 0.000000000000
 0.000000000000
 0.000000000000
 0.000000000000
 0.000000000000
 0.000000000000
 0.000000000000
 0.000000000000
 0.000000000000
 0.000000000000
 0.000000000000
 0.000000000000
 0.000000000000
 0.000000000000
 0.000000000000
 0.000000000000
 0.000000000000
 0.000000000000
 0.000000000000
 0.000000000000
 0.000000000000
 0.000000000000
 0.000000000000
 0.000000000000
 0.000000000000
 0.000000000000
 0.000000000000
 0.000000000000
 0.000000000000
 0.000000000000
 0.000000000000
 0.000000000000
 0.000000000000
 0.000000000000
 0.000000000000
 0.000000000000
 0.000000000000
 0.000000000000
 0.000000000000
 0.000000000000
 0.000000000000
 0.000000000000
 0.000000000000
 0.000000000000
 0.000000000000
 0.000000000000
 0.000000000000
 0.000000000000
 0.000000000000
 0.000000000000
 0.000000000000
 0.000000000000
 0.000000000000
 0.000000000000
 0.000000000000
 0.000000000000
 0.000000000000
 0.000000000000
 0.000000000000
 0.000000000000
 0.000000000000
 0.000000000000
 0.000000000000
 0.000000000000
 0.000000000000
 0.000000000000
 0.000000000000
 0.000000000000
 0.000000000000
 0.000000000000
 0.000000000000
 0.000000000000
 0.000000000000
 0.000000000000
 0.000000000000
 0.000000000000
 0.000000000000
 0.000000000000
 0.000000000000
 0.000000000000
 0.000000000000
 0.000000000000
 0.000000000000
 0.000000000000
 0.000000000000
 0.000000000000
 0.000000000000
 0.000000000000
 0.000000000000
 0.000000000000
 0.000000000000
 0.000000000000
 0.000000000000
 0.000000000000
 0.000000000000
 0.000000000000
 0.000000000000
 0.000000000000
 0.000000000000
 0.000000000000
 0.000000000000
 0.000000000000
 0.000000000000
 0.000000000000
 0.000000000000
 0.000000000000
 0.000000000000
 0.000000000000
 0.000000000000
 0.000000000000
 0.000000000000
 0.000000000000
 0.000000000000
 0.000000000000
 0.000000000000
 0.000000000000
 0.000000000000
 0.000000000000
 0.000000000000
 0.000000000000
 0.000000000000
 0.000000000000
 0.000000000000
 0.000000000000
 0.000000000000
 0.000000000000
 0.000000000000
 0.000000000000
 0.000000000000
 0.000000000000
 0.000000000000
 0.000000000000
 0.000000000000
 0.000000000000
 0.000000000000
 0.000000000000
 0.000000000000
 0.000000000000
 0.000000000000
 0.000000000000
 0.000000000000
 0.000000000000
 0.000000000000
 0.000000000000
 0.000000000000
 0.000000000000
 0.000000000000
 0.000000000000
 0.000000000000
 0.000000000000
 0.000000000000
 0.000000000000
 0.000000000000
 0.000000000000
 0.000000000000
 0.000000000000
 0.000000000000
 0.000000000000
 0.000000000000
 0.000000000000
 0.000000000000
 0.000000000000
 0.000000000000
 0.000000000000
 0.000000000000
 0.000000000000
 0.000000000000
 0.000000000000
 0.000000000000
 0.000000000000
 0.000000000000
 0.000000000000
 0.000000000000
 0.000000000000
 0.000000000000
 0.000000000000
 0.000000000000
 0.000000000000
 0.000000000000
 0.000000000000
 0.000000000000
 0.000000000000
 0.000000000000
 0.000000000000
 0.000000000000
 0.000000000000
 0.000000000000
 0.000000000000
 0.000000000000
 0.000000000000
 0.000000000000
 0.000000000000
 0.000000000000
 0.000000000000
 0.000000000000
 0.000000000000
 0.000000000000
 0.000000000000
 0.000000000000
 0.000000000000
 0.000000000000
 0.000000000000
 0.000000000000
 0.000000000000
 0.000000000000
 0.000000000000
 0.000000000000
 0.000000000000
 0.000000000000
 0.000000000000
 0.000000000000
 0.000000000000
 0.000000000000
 0.000000000000
 0.000000000000
 0.000000000000
 0.000000000000
 0.000000000000
 0.000000000000
 0.000000000000
 0.000000000000
 0.000000000000
 0.000000000000
 0.000000000000
 0.000000000000
 0.000000000000
 0.000000000000
 0.000000000000
 0.000000000000
 0.000000000000
 0.000000000000
 0.000000000000
 0.000000000000
 0.000000000000
 0.000000000000
 0.000000000000
 0.000000000000
 0.000000000000
 0.000000000000
 0.000000000000
 0.000000000000
 0.000000000000
 0.000000000000
 0.000000000000
 0.000000000000
 0.000000000000
 0.000000000000
 0.000000000000
 0.000000000000
 0.000000000000
 0.000000000000
 0.000000000000
 0.000000000000
 0.000000000000
 0.000000000000
 0.000000000000
 0.000000000000
 0.000000000000
 0.000000000000
 0.000000000000
 0.000000000000
 0.000000000000
 0.000000000000
 0.000000000000
 0.000000000000
 0.000000000000
 0.000000000000
 0.000000000000
 0.000000000000
 0.000000000000
 0.000000000000
 0.000000000000
 0.000000000000
 0.000000000000
 0.000000000000
 0.000000000000
 0.000000000000
 0.000000000000
 0.000000000000
 0.000000000000
 0.000000000000
 0.000000000000
 0.000000000000
 0.000000000000
 0.000000000000
 0.000000000000
 0.000000000000
 0.000000000000
 0.000000000000
 0.000000000000
 0.000000000000
 0.000000000000
 0.000000000000
 0.000000000000
 0.000000000000
 0.000000000000
 0.000000000000
 0.000000000000
 0.000000000000
 0.000000000000
 0.000000000000
 0.000000000000
 0.000000000000
 0.000000000000
 0.000000000000
 0.000000000000
 0.000000000000
 0.000000000000
 0.000000000000
 0.000000000000
 0.000000000000
 0.000000000000
 0.000000000000
 0.000000000000
 0.000000000000
 0.000000000000
 0.000000000000
 0.000000000000
 0.000000000000
 0.000000000000
 0.000000000000
 0.000000000000
 0.000000000000
 0.000000000000
 0.000000000000
 0.000000000000
 0.000000000000
 0.000000000000
 0.000000000000
 0.000000000000
 0.000000000000
 0.000000000000
 0.000000000000
 0.000000000000
 0.000000000000
 0.000000000000
 0.000000000000
 0.000000000000
 0.000000000000
 0.000000000000
 0.000000000000
 0.000000000000
 0.000000000000
 0.000000000000
 0.000000000000
 0.000000000000
 0.000000000000
 0.000000000000
 0.000000000000
 0.000000000000
 0.000000000000
 0.000000000000
 0.000000000000
 0.000000000000
 0.000000000000
 0.000000000000
 0.000000000000
 0.000000000000
 0.000000000000
 0.000000000000
 0.000000000000
 0.000000000000
 0.000000000000
 0.000000000000
 0.000000000000
 0.000000000000
 0.000000000000
 0.000000000000
 0.000000000000
 0.000000000000
 0.000000000000
 0.000000000000
 0.000000000000
 0.000000000000
 0.000000000000
 0.000000000000
 0.000000000000
 0.000000000000
 0.000000000000
 0.000000000000
 0.000000000000
 0.000000000000
 0.000000000000
 0.000000000000
 0.000000000000
 0.000000000000
 0.000000000000
 0.000000000000
 0.000000000000
 0.000000000000
 0.000000000000
 0.000000000000
 0.000000000000
 0.000000000000
 0.000000000000
 0.000000000000
 0.000000000000
 0.000000000000
 0.000000000000
 0.000000000000
 0.000000000000
 0.000000000000
 0.000000000000
 0.000000000000
 0.000000000000
 0.000000000000
 0.000000000000
 0.000000000000
 0.000000000000
 0.000000000000
 0.000000000000
 0.000000000000
 0.000000000000
 0.434782608696
 0.000000000000
 0.181131179975
