  0.400000
  0.081283
  0.400000
  0.400000
  0.400000
  0.400000
  0.314092
 -0.400000
 -0.400000
 -0.400000
 -0.140657
  0.400000
  0.400000
  0.400000
 -0.089661
 -0.400000
 -0.400000
 -0.400000
  0.400000
  0.400000
  0.400000
  0.400000
  0.269192
  0.073398
  0.400000
 -0.400000
  0.052699
  0.400000
  0.400000
  0.400000
  0.400000
  0.333207
 -0.400000
 -0.400000
 -0.400000
  0.129428
  0.400000
  0.400000
  0.392237
  0.385387
 -0.400000
 -0.400000
 -0.400000
 -0.400000
 -0.138659
  0.147773
  0.249226
  0.329686
 -0.400000
 -0.400000
 -0.400000
 -0.400000
 -0.400000
 -0.111365
  0.104842
  0.247665
 -0.400000
 -0.400000
 -0.400000
 -0.400000
 -0.400000
 -0.326321
 -0.030094
  0.183554
  0.044005
 -0.400000
  0.215206
  0.400000
  0.400000
 -0.400000
 -0.400000
 -0.400000
 -0.400000
 -0.400000
 -0.400000
  0.400000
  0.400000
 -0.400000
 -0.400000
 -0.400000
 -0.400000
 -0.400000
  0.400000
  0.400000
  0.400000
  0.400000
 -0.400000
 -0.400000
  0.400000
 -0.400000
  0.400000
  0.400000
  0.400000
  0.400000
  0.204857
 -0.102101
 -0.400000
 -0.400000
 -0.400000
  0.400000
  0.400000
  0.400000
  0.327153
  0.168311
 -0.400000
 -0.400000
 -0.400000
 -0.400000
 -0.014533
  0.237612
  0.248394
  0.237332
 -0.400000
 -0.400000
 -0.400000
 -0.400000
 -0.400000
 -0.027824
  0.158477
  0.247775
 -0.400000
 -0.400000
 -0.400000
 -0.400000
 -0.400000
 -0.172059
  0.099544
  0.262530
  0.400000
  0.400000
  0.400000
  0.400000
 -0.400000
 -0.400000
 -0.400000
 -0.400000
 -0.400000
 -0.400000
 -0.400000
  0.400000
  0.400000
 -0.400000
 -0.400000
 -0.400000
 -0.400000
 -0.400000
  0.400000
  0.400000
  0.400000
  0.400000
 -0.400000
 -0.400000
  0.400000
 -0.400000
  0.400000
  0.400000
  0.400000
  0.400000
 -0.048506
 -0.400000
 -0.400000
 -0.400000
 -0.400000
  0.400000
  0.400000
  0.400000
  0.263530
 -0.042779
 -0.400000
 -0.400000
 -0.400000
 -0.400000
  0.199888
  0.374368
  0.280732
  0.162128
 -0.400000
 -0.400000
 -0.400000
 -0.400000
 -0.244271
  0.159745
  0.269062
  0.274874
 -0.400000
 -0.400000
 -0.400000
 -0.400000
 -0.316491
  0.094326
  0.286690
  0.367214
  0.400000
  0.400000
  0.400000
  0.400000
 -0.400000
 -0.400000
 -0.400000
 -0.400000
 -0.400000
 -0.400000
 -0.400000
  0.400000
  0.400000
 -0.400000
 -0.400000
 -0.400000
 -0.400000
 -0.400000
  0.400000
  0.400000
  0.400000
  0.400000
 -0.400000
 -0.400000
  0.400000
 -0.400000
  0.400000
  0.400000
  0.400000
  0.400000
 -0.135166
 -0.400000
 -0.400000
 -0.400000
 -0.400000
  0.400000
  0.400000
  0.400000
  0.232634
 -0.271379
 -0.400000
 -0.400000
 -0.400000
 -0.379507
  0.400000
  0.400000
  0.366248
  0.090300
 -0.400000
 -0.400000
 -0.400000
 -0.400000
  0.228898
  0.400000
  0.400000
  0.329434
 -0.400000
 -0.400000
 -0.400000
 -0.349814
  0.231877
  0.400000
  0.400000
  0.400000
  0.400000
  0.400000
  0.400000
  0.400000
  0.400000
 -0.276342
 -0.400000
 -0.400000
  0.079264
 -0.400000
  0.400000
  0.400000
  0.400000
  0.400000
 -0.400000
 -0.400000
 -0.400000
 -0.400000
 -0.325769
  0.400000
  0.400000
  0.400000
 -0.224967
 -0.400000
 -0.400000
 -0.400000
 -0.186853
  0.400000
  0.400000
  0.400000
  0.043961
 -0.400000
 -0.400000
 -0.400000
 -0.400000
  0.400000
  0.400000
  0.400000
  0.289710
 -0.400000
 -0.400000
 -0.400000
 -0.400000
  0.400000
  0.400000
  0.400000
  0.400000
  0.024770
 -0.400000
 -0.400000
 -0.400000
  0.400000
  0.400000
  0.400000
  0.400000
  0.400000
  0.267579
 -0.036033
  0.296346
  0.400000
  0.400000
  0.400000
  0.400000
  0.400000
  0.400000
  0.400000
  0.400000
  0.400000
  0.400000
  0.400000
  0.400000
  0.400000
  0.400000
  0.400000
  0.400000
  0.400000
  0.400000
  0.400000
  0.400000
 -0.234376
  0.400000
  0.236945
  0.400000
  0.400000
  0.400000
  0.400000
  0.400000
 -0.400000
  0.068871
 -0.231187
  0.400000
  0.400000
  0.400000
  0.400000
  0.281885
 -0.400000
 -0.400000
 -0.400000
  0.266472
  0.400000
  0.400000
  0.400000
  0.400000
 -0.400000
 -0.400000
 -0.400000
  0.344565
  0.400000
  0.400000
  0.400000
  0.400000
  0.020568
  0.297363
  0.292480
  0.400000
  0.400000
  0.400000
  0.400000
  0.400000
  0.400000
  0.400000
  0.400000
  0.400000
  0.400000
  0.400000
  0.400000
  0.400000
  0.400000
  0.400000
  0.400000
  0.400000
  0.400000
  0.400000
  0.400000
  0.400000
  0.400000
  0.400000
  0.400000
  0.400000
  0.400000
  0.400000
  0.400000
  0.400000
 -0.400000
  0.400000
  0.400000
  0.400000
  0.400000
  0.400000
  0.400000
  0.400000
 -0.400000
  0.324634
  0.313141
  0.400000
  0.400000
  0.400000
  0.400000
  0.298813
 -0.400000
 -0.188637
 -0.220481
  0.400000
  0.400000
  0.400000
  0.400000
  0.400000
 -0.400000
 -0.175176
 -0.347583
  0.400000
  0.400000
  0.400000
  0.400000
  0.400000
  0.224391
  0.400000
  0.400000
  0.400000
  0.400000
  0.400000
  0.400000
  0.400000
  0.400000
  0.400000
  0.400000
  0.400000
  0.400000
  0.400000
  0.400000
  0.400000
  0.400000
  0.400000
  0.400000
  0.400000
  0.400000
  0.400000
  0.400000
  0.400000
 -0.400000
  0.400000
  0.400000
  0.400000
  0.400000
  0.400000
  0.400000
 -0.400000
 -0.400000
  0.400000
  0.400000
  0.400000
  0.400000
  0.400000
  0.400000
 -0.400000
 -0.400000
 -0.036536
 -0.091581
  0.311004
  0.400000
  0.400000
  0.400000
  0.119854
 -0.400000
 -0.400000
 -0.400000
 -0.400000
  0.400000
  0.400000
  0.400000
  0.400000
 -0.400000
 -0.400000
 -0.400000
 -0.400000
  0.400000
  0.400000
  0.400000
  0.400000
  0.400000
  0.400000
 -0.400000
 -0.400000
  0.400000
  0.400000
  0.400000
  0.400000
  0.400000
  0.400000
  0.400000
 -0.400000
  0.400000
  0.400000
  0.400000
  0.400000
  0.400000
  0.400000
  0.400000
  0.400000
  0.400000
  0.400000
  0.400000
  0.400000
  0.400000
  0.400000
  0.400000
  0.400000
  0.400000
  0.400000
  0.400000
  0.400000
  0.400000
  0.400000
  0.400000
  0.400000
  0.400000
  0.400000
  0.400000
  0.400000
  0.400000
  0.400000
  0.400000
  0.400000
  0.400000
  0.400000
  0.400000
  0.400000
  0.400000
  0.400000
  0.400000
  0.400000
  0.400000
  0.400000
  0.400000
  0.400000
  0.400000
  0.400000
  0.400000
  0.400000
  0.400000
  0.400000
  0.400000
  0.400000
  0.400000
  0.400000
  0.400000
  0.400000
  0.400000
  0.400000
  0.400000
  0.400000
  0.400000
  0.400000
  0.400000
  0.400000
  0.400000
  0.400000
  0.400000
  0.400000
  0.400000
  0.400000
  0.400000
  0.400000
  0.400000
  0.400000
  0.400000
  0.400000
  0.400000
  0.400000
  0.400000
  0.400000
  0.400000
  0.400000
  0.400000
  0.400000
  0.400000
  0.400000
  0.400000
  0.400000
  0.400000
  0.400000
  0.400000
  0.400000
  0.400000
  0.400000
  0.400000
  0.400000
  0.400000
  0.400000
  0.400000
  0.400000
  0.400000
  0.400000
  0.400000
  0.400000
  0.400000
  0.400000
  0.400000
  0.400000
  0.400000
  0.400000
  0.400000
  0.400000
  0.400000
  0.400000
  0.400000
  0.400000
  0.400000
  0.400000
  0.400000
  0.400000
  0.400000
  0.400000
  0.400000
  0.400000
  0.400000
  0.400000
  0.400000
  0.400000
  0.400000
  0.400000
  0.400000
  0.400000
  0.400000
  0.400000
  0.400000
  0.400000
  0.400000
  0.400000
  0.400000
  0.400000
  0.400000
  0.400000
  0.400000
  0.400000
  0.400000
  0.400000
  0.400000
  0.400000
  0.400000
  0.400000
  0.400000
  0.400000
  0.400000
  0.400000
  0.400000
  0.400000
  0.400000
  0.400000
  0.400000
  0.400000
  0.400000
  0.400000
  0.400000
  0.400000
  0.400000
  0.400000
  0.400000
  0.400000
  0.400000
  0.400000
  0.400000
  0.400000
  0.400000
  0.400000
  0.400000
  0.400000
  0.400000
  0.400000
  0.400000
  0.400000
  0.400000
  0.400000
  0.400000
  0.400000
  0.400000
  0.400000
 -0.400000
  0.400000
  0.400000
  0.400000
  0.400000
  0.400000
  0.400000
  0.400000
 -0.400000
  0.400000
  0.400000
  0.400000
  0.400000
  0.400000
  0.400000
  0.400000
  0.400000
  0.400000
  0.400000
  0.400000
  0.400000
  0.400000
  0.400000
  0.400000
  0.400000
  0.400000
  0.400000
  0.400000
  0.400000
  0.400000
  0.400000
  0.400000
  0.400000
  0.400000
  0.400000
  0.400000
  0.400000
  0.400000
  0.400000
  0.400000
  0.400000
  0.400000
  0.400000
  0.400000
  0.400000
  0.400000
  0.400000
  0.400000
  0.400000
  0.400000
  0.400000
  0.400000
  0.400000
  0.400000
  0.400000
  0.400000
 -0.400000
 -0.400000
  0.400000
  0.400000
  0.400000
  0.400000
  0.400000
  0.400000
 -0.400000
 -0.400000
  0.400000
  0.400000
  0.400000
  0.400000
  0.400000
  0.400000
 -0.400000
 -0.400000
  0.400000
  0.400000
  0.400000
  0.400000
  0.400000
  0.400000
  0.400000
  0.400000
  0.400000
  0.400000
  0.400000
  0.400000
  0.400000
  0.400000
  0.400000
  0.400000
  0.400000
  0.400000
  0.400000
  0.400000
  0.400000
  0.400000
  0.400000
  0.400000
  0.400000
  0.400000
  0.400000
  0.400000
  0.400000
  0.400000
  0.400000
  0.400000
  0.400000
  0.400000
  0.400000
  0.400000
  0.400000
  0.400000
  0.400000
  0.400000
  0.400000
  0.400000
  0.400000
  0.400000
  0.400000
  0.400000
 -0.400000
 -0.400000
  0.400000
  0.400000
  0.400000
  0.400000
  0.400000
  0.400000
 -0.400000
 -0.400000
  0.400000
  0.400000
  0.400000
  0.400000
  0.400000
  0.400000
 -0.400000
 -0.400000
  0.400000
  0.400000
  0.400000
  0.400000
  0.400000
  0.400000
  0.400000
  0.400000
  0.400000
  0.400000
  0.400000
  0.400000
  0.400000
  0.400000
  0.400000
  0.400000
  0.400000
  0.400000
  0.400000
  0.400000
  0.400000
  0.400000
  0.400000
  0.400000
  0.400000
  0.400000
  0.400000
  0.400000
  0.400000
  0.400000
  0.400000
  0.400000
  0.400000
  0.400000
  0.400000
  0.400000
  0.400000
  0.400000
  0.400000
  0.400000
  0.400000
  0.400000
  0.400000
  0.400000
  0.400000
  0.400000
  0.400000
  0.400000
  0.400000
  0.400000
  0.400000
  0.400000
  0.400000
  0.400000
  0.400000
  0.400000
  0.400000
  0.400000
  0.400000
  0.400000
  0.400000
  0.400000
  0.400000
  0.400000
  0.400000
  0.400000
  0.400000
  0.400000
  0.400000
  0.400000
  0.400000
  0.400000
  0.400000
  0.400000
  0.400000
  0.400000
  0.400000
  0.400000
  0.400000
  0.400000
  0.400000
  0.400000
  0.400000
  0.400000
  0.400000
  0.400000
  0.400000
  0.400000
  0.400000
  0.400000
  0.400000
  0.400000
  0.400000
  0.400000
  0.400000
  0.400000
  0.400000
  0.400000
  0.400000
  0.400000
  0.400000
  0.400000
  0.400000
  0.400000
  0.400000
  0.400000
  0.400000
  0.400000
  0.400000
  0.400000
  0.400000
  0.400000
  0.400000
  0.400000
  0.400000
  0.400000
  0.400000
  0.400000
  0.400000
  0.400000
  0.400000
  0.400000
  0.400000
  0.400000
  0.400000
  0.400000
  0.400000
  0.400000
  0.400000
  0.400000
  0.400000
  0.400000
  0.400000
  0.400000
  0.400000
  0.400000
  0.400000
  0.400000
  0.400000
  0.400000
  0.400000
  0.400000
  0.400000
  0.400000
  0.400000
  0.400000
  0.400000
  0.400000
  0.400000
  0.400000
  0.400000
  0.400000
  0.400000
  0.400000
  0.400000
  0.400000
  0.400000
  0.400000
  0.400000
  0.400000
  0.400000
  0.400000
  0.400000
  0.400000
  0.400000
  0.400000
  0.400000
  0.400000
  0.400000
  0.400000
  0.400000
  0.400000
  0.400000
  0.400000
  0.400000
  0.400000
  0.400000
  0.400000
  0.400000
  0.400000
  0.400000
  0.400000
  0.400000
  0.400000
  0.400000
  0.400000
  0.400000
  0.400000
  0.400000
  0.400000
  0.400000
  0.400000
  0.400000
  0.400000
  0.400000
  0.400000
  0.400000
  0.400000
  0.400000
  0.400000
  0.400000
  0.400000
  0.400000
  0.400000
  0.400000
  0.400000
  0.400000
  0.400000
  0.400000
  0.400000
  0.400000
  0.400000
  0.400000
  0.400000
  0.400000
  0.400000
  0.400000
  0.400000
  0.400000
  0.400000
  0.400000
  0.400000
  0.400000
  0.400000
  0.400000
  0.400000
  0.400000
  0.400000
  0.400000
  0.400000
  0.400000
  0.400000
  0.400000
  0.400000
  0.400000
  0.400000
  0.400000
  0.400000
  0.400000
  0.400000
  0.400000
  0.400000
  0.400000
  0.400000
  0.400000
 -0.400000
  0.400000
  0.400000
  0.400000
  0.400000
  0.400000
  0.400000
  0.400000
  0.400000
  0.400000
  0.400000
  0.400000
  0.400000
  0.400000
  0.400000
  0.400000
  0.400000
  0.400000
  0.400000
  0.400000
  0.400000
  0.400000
  0.400000
  0.400000
  0.400000
  0.400000
  0.400000
  0.400000
  0.400000
  0.400000
  0.400000
  0.400000
  0.400000
  0.400000
  0.400000
  0.400000
  0.400000
  0.400000
  0.400000
  0.400000
  0.400000
  0.400000
  0.400000
  0.400000
  0.400000
  0.400000
  0.400000
  0.400000
  0.400000
  0.400000
  0.400000
  0.400000
  0.400000
  0.400000
  0.400000
  0.400000
  0.400000
  0.400000
  0.400000
  0.400000
  0.400000
  0.400000
  0.400000
  0.400000
 -0.400000
 -0.400000
  0.400000
  0.400000
  0.400000
  0.400000
  0.400000
  0.400000
  0.400000
 -0.400000
 -0.400000
  0.400000
  0.400000
  0.400000
  0.400000
  0.400000
  0.400000
  0.400000
  0.400000
  0.400000
  0.400000
  0.400000
  0.400000
  0.400000
  0.400000
  0.400000
  0.400000
  0.400000
  0.400000
  0.400000
  0.400000
  0.400000
  0.400000
  0.400000
  0.400000
  0.400000
  0.400000
  0.400000
  0.400000
  0.400000
  0.400000
  0.400000
  0.400000
  0.400000
  0.400000
  0.400000
  0.400000
  0.400000
  0.400000
  0.099830
  0.400000
  0.400000
  0.400000
  0.400000
  0.400000
  0.400000
  0.400000
 -0.400000
 -0.400000
  0.400000
  0.400000
  0.400000
  0.400000
  0.400000
 -0.400000
 -0.400000
 -0.400000
  0.400000
  0.400000
  0.400000
  0.400000
  0.400000
 -0.400000
 -0.400000
 -0.400000
  0.400000
  0.400000
  0.400000
  0.400000
  0.400000
  0.400000
  0.400000
  0.400000
  0.400000
  0.400000
  0.400000
  0.400000
  0.400000
  0.400000
  0.400000
  0.400000
  0.400000
  0.400000
  0.400000
  0.400000
  0.400000
  0.400000
  0.400000
  0.400000
  0.400000
  0.400000
  0.400000
  0.400000
  0.400000
  0.400000
  0.400000
  0.400000
  0.400000
  0.400000
  0.400000
  0.400000
  0.400000
  0.400000
 -0.400000
 -0.400000
  0.400000
  0.400000
  0.400000
  0.400000
  0.400000
  0.315551
 -0.400000
 -0.400000
 -0.400000
  0.400000
  0.400000
  0.400000
  0.400000
 -0.400000
 -0.400000
 -0.400000
 -0.400000
  0.400000
  0.400000
  0.400000
  0.400000
 -0.400000
 -0.400000
 -0.400000
  0.400000
  0.400000
  0.400000
  0.400000
  0.400000
  0.400000
  0.400000
  0.400000
  0.400000
  0.400000
  0.400000
  0.400000
  0.400000
  0.400000
  0.400000
  0.400000
  0.400000
  0.400000
  0.400000
  0.400000
  0.400000
  0.400000
  0.400000
  0.400000
  0.400000
  0.400000
  0.400000
  0.400000
  0.400000
  0.400000
  0.400000
  0.400000
  0.400000
  0.400000
  0.400000
  0.400000
  0.400000
  0.400000
  0.400000
  0.400000
  0.400000
  0.400000
  0.400000
  0.400000
  0.400000
 -0.400000
 -0.400000
 -0.400000
 -0.400000
  0.400000
  0.400000
  0.400000
  0.400000
 -0.400000
 -0.400000
 -0.400000
 -0.400000
  0.400000
  0.400000
  0.400000
  0.400000
  0.400000
 -0.400000
 -0.400000
  0.400000
  0.400000
  0.400000
  0.400000
  0.400000
  0.400000
  0.400000
  0.400000
  0.400000
  0.400000
  0.400000
  0.400000
  0.400000
  0.400000
  0.400000
  0.400000
  0.400000
  0.400000
  0.400000
  0.400000
  0.400000
  0.400000
  0.400000
  0.400000
  0.400000
  0.400000
  0.400000
  0.400000
  0.400000
  0.400000
  0.400000
  0.400000
  0.400000
  0.400000
  0.400000
  0.400000
  0.400000
  0.400000
  0.400000
  0.400000
  0.400000
  0.400000
  0.400000
  0.400000
  0.400000
  0.400000
  0.400000
 -0.400000
  0.400000
  0.400000
  0.400000
  0.400000
  0.400000
  0.400000
  0.400000
 -0.400000
 -0.400000
  0.400000
  0.400000
  0.400000
  0.400000
  0.400000
  0.400000
 -0.400000
 -0.400000
  0.400000
  0.400000
  0.400000
  0.400000
  0.400000
  0.400000
  0.400000
  0.400000
  0.400000
  0.400000
  0.400000
  0.400000
  0.400000
  0.400000
  0.400000
  0.400000
  0.400000
  0.400000
  0.400000
  0.400000
  0.400000
  0.400000
  0.400000
  0.400000
  0.400000
  0.400000
  0.400000
  0.400000
  0.400000
  0.400000
  0.400000
  0.400000
  0.400000
  0.400000
  0.400000
  0.400000
  0.400000
  0.400000
  0.400000
  0.400000
  0.400000
  0.400000
  0.400000
  0.400000
  0.400000
  0.400000
  0.400000
  0.400000
  0.400000
  0.400000
  0.400000
  0.400000
  0.400000
  0.400000
  0.400000
 -0.400000
  0.400000
  0.400000
  0.400000
  0.400000
  0.400000
  0.400000
  0.400000
 -0.400000
  0.400000
  0.400000
  0.400000
  0.400000
  0.400000
  0.400000
  0.400000
  0.400000
  0.400000
  0.400000
  0.400000
  0.400000
  0.400000
  0.400000
  0.400000
  0.400000
  0.400000
  0.400000
  0.400000
  0.400000
  0.400000
  0.400000
  0.400000
  0.400000
  0.400000
  0.400000
  0.400000
  0.400000
  0.400000
  0.400000
  0.400000
  0.400000
  0.400000
  0.400000
  0.400000
  0.400000
  0.400000
  0.400000
  0.400000
  0.400000
  0.400000
  0.400000
  0.400000
  0.400000
  0.400000
  0.400000
  0.400000
  0.400000
  0.400000
  0.400000
  0.400000
  0.400000
  0.400000
  0.400000
  0.400000
  0.400000
  0.400000
  0.400000
  0.400000
  0.400000
  0.400000
  0.400000
  0.400000
  0.400000
  0.000000
  0.000000
  0.000000
  0.000000
  0.000000
  0.000000
  0.000000
  0.000000
  0.000000
  0.000000
  0.000000
  0.000000
  0.000000
  0.000000
  0.000000
  0.000000
  0.000000
  0.000000
  0.000000
  0.000000
  0.000000
  0.000000
  0.000000
  0.000000
  0.000000
  0.000000
  0.000000
  0.000000
  0.000000
  0.000000
  0.000000
  0.000000
  0.000000
  0.000000
  0.000000
  0.000000
  0.000000
  0.000000
  0.000000
  0.000000
  0.000000
  0.000000
  0.000000
  0.000000
  0.000000
  0.000000
  0.000000
  0.000000
  0.000000
  0.000000
  0.000000
  0.000000
  0.000000
  0.000000
  0.000000
  0.000000
  0.000000
  0.000000
  0.000000
  0.000000
  0.000000
  0.000000
  0.000000
  0.000000
  0.000000
  0.000000
  0.000000
  0.000000
  0.000000
  0.000000
  0.000000
  0.000000
  0.000000
  0.000000
  0.000000
  0.000000
  0.000000
  0.000000
  0.000000
  0.000000
  0.000000
  0.000000
  0.000000
  0.000000
  0.000000
  0.000000
  0.000000
  0.000000
  0.000000
  0.000000
  0.000000
  0.000000
  0.000000
  0.000000
  0.000000
  0.000000
  0.000000
  0.000000
  0.000000
  0.000000
  0.000000
  0.000000
  0.000000
  0.000000
  0.000000
  0.000000
  0.000000
  0.000000
  0.000000
  0.000000
  0.000000
  0.000000
  0.000000
  0.000000
  0.000000
  0.000000
  0.000000
  0.000000
  0.000000
  0.000000
  0.000000
  0.000000
  0.000000
  0.000000
  0.000000
  0.000000
  0.000000
  0.000000
  0.000000
  0.000000
  0.000000
  0.000000
  0.000000
  0.000000
  0.000000
  0.000000
  0.000000
  0.000000
  0.000000
  0.000000
  0.000000
  0.000000
  0.000000
  0.000000
  0.000000
  0.000000
  0.000000
  0.000000
  0.000000
  0.000000
  0.000000
  0.000000
  0.000000
  0.000000
  0.000000
  0.000000
  0.000000
  0.000000
  0.000000
  0.000000
  0.000000
  0.000000
  0.000000
  0.000000
  0.000000
  0.000000
  0.000000
  0.000000
  0.000000
  0.000000
  0.000000
  0.000000
  0.000000
  0.000000
  0.000000
  0.000000
  0.000000
  0.000000
  0.000000
  0.000000
  0.000000
  0.000000
  0.000000
  0.000000
  0.000000
  0.000000
  0.000000
  0.000000
  0.000000
  0.000000
  0.000000
  0.000000
  0.000000
  0.000000
  0.000000
  0.000000
  0.000000
  0.000000
  0.000000
  0.000000
  0.000000
  0.000000
  0.000000
  0.000000
  0.000000
  0.000000
  0.000000
  0.000000
  0.000000
  0.000000
  0.000000
  0.000000
  0.000000
  0.000000
  0.000000
  0.000000
  0.000000
  0.000000
  0.000000
  0.000000
  0.000000
  0.000000
  0.000000
  0.000000
  0.000000
  0.000000
  0.000000
  0.000000
  0.000000
  0.000000
  0.000000
  0.000000
  0.000000
  0.000000
  0.000000
  0.000000
  0.000000
  0.000000
  0.000000
  0.000000
  0.000000
  0.000000
  0.000000
  0.000000
  0.000000
  0.000000
  0.000000
  0.000000
  0.000000
  0.000000
  0.000000
  0.000000
  0.000000
  0.000000
  0.000000
  0.000000
  0.000000
  0.000000
  0.000000
  0.000000
  0.000000
  0.000000
  0.000000
  0.000000
  0.000000
  0.000000
  0.000000
  0.000000
  0.000000
  0.000000
  0.000000
  0.000000
  0.000000
  0.000000
  0.000000
  0.000000
  0.000000
  0.000000
  0.000000
  0.000000
  0.000000
  0.000000
  0.000000
  0.000000
  0.000000
  0.000000
  0.000000
  0.000000
  0.000000
  0.000000
  0.000000
  0.000000
  0.000000
  0.000000
  0.000000
  0.000000
  0.000000
  0.000000
  0.000000
  0.000000
  0.000000
  0.000000
  0.000000
  0.000000
  0.000000
  0.000000
  0.000000
  0.000000
  0.000000
  0.000000
  0.000000
  0.000000
  0.000000
  0.000000
  0.000000
  0.000000
  0.000000
  0.000000
  0.000000
  0.000000
  0.000000
  0.000000
  0.000000
  0.000000
  0.000000
  0.000000
  0.000000
  0.000000
  0.000000
  0.000000
  0.000000
  0.000000
  0.000000
  0.000000
  0.000000
  0.000000
  0.000000
  0.000000
  0.000000
  0.000000
  0.000000
  0.000000
  0.000000
  0.000000
  0.000000
  0.000000
  0.000000
  0.000000
  0.000000
  0.000000
  0.000000
  0.000000
  0.000000
  0.000000
  0.000000
  0.000000
  0.000000
  0.000000
  0.000000
  0.000000
  0.000000
  0.000000
  0.000000
  0.000000
  0.000000
  0.000000
  0.000000
  0.000000
  0.000000
  0.000000
  0.000000
  0.000000
  0.000000
  0.000000
  0.000000
  0.000000
  0.000000
  0.000000
  0.000000
  0.000000
  0.000000
  0.000000
  0.000000
  0.000000
  0.000000
  0.000000
  0.000000
  0.000000
  0.000000
  0.000000
  0.000000
  0.000000
  0.000000
  0.000000
  0.000000
  0.000000
  0.000000
  0.000000
  0.000000
  0.000000
  0.000000
  0.000000
  0.000000
  0.000000
  0.000000
  0.000000
  0.000000
  0.000000
  0.000000
  0.000000
  0.000000
  0.000000
  0.000000
  0.000000
  0.000000
  0.000000
  0.000000
  0.000000
  0.000000
  0.000000
  0.000000
  0.000000
  0.000000
  0.000000
  0.000000
  0.000000
  0.000000
  0.000000
  0.000000
  0.000000
  0.000000
  0.000000
  0.000000
  0.000000
  0.000000
  0.000000
  0.000000
  0.000000
  0.000000
  0.000000
  0.000000
  0.000000
  0.000000
  0.000000
  0.000000
  0.000000
  0.000000
  0.000000
  0.000000
  0.000000
  0.000000
  0.000000
  0.000000
  0.000000
  0.000000
  0.000000
  0.000000
  0.000000
  0.000000
  0.000000
  0.000000
  0.000000
  0.000000
  0.000000
  0.000000
  0.000000
  0.000000
  0.000000
  0.000000
  0.000000
  0.000000
  0.000000
  0.000000
  0.000000
  0.000000
  0.000000
  0.000000
  0.000000
  0.000000
  0.000000
  0.000000
  0.000000
  0.000000
  0.000000
  0.000000
  0.000000
  0.000000
  0.000000
  0.000000
  0.000000
  0.000000
  0.000000
  0.000000
  0.000000
  0.000000
  0.000000
  0.000000
  0.000000
  0.000000
  0.000000
  0.000000
  0.000000
  0.000000
  0.000000
  0.000000
  0.000000
  0.000000
  0.000000
  0.000000
  0.000000
  0.000000
  0.000000
